Pct 1-A Pct 1-B Pct 2-A Pct 2-B Pct 3-A Pct 3-B Pct 4-A Pct 4-B Pct 5-A Pct 5-B Total
COUNCILOR-AT-LARGE (3 SEATS)
Blanks 343 143 157 474 135 378 256 160 131 582 2759
ELLISHA MAY WALKER 281 149 136 466 102 367 225 146 113 546 2531
CHARLOTTE ALLEGRA RICE CLARK 218 99 114 379 74 297 167 108 83 426 1965
MANDI JO HANNEKE 197 94 120 375 110 303 174 82 107 546 2108
ANDREW CHURCHILL 195 109 114 383 122 324 181 98 87 601 2214
Write-Ins 17 3 1 11 3 5 8 3 4 11 66
Total 1251 597 642 2088 546 1674 1011 597 525 2712 11643
Pct 1-A Pct 1-B Pct 2-A Pct 2-B Pct 3-A Pct 3-B Pct 4-A Pct 4-B Pct 5-A Pct 5-B Total
DISTRICT 1 COUNCILOR (2 SEATS)
Blanks 116 52 0 0 0 0 0 0 0 0 168
CATHY SCHOEN 191 110 0 0 0 0 0 0 0 0 301
JILLIAN BREVIK 265 128 0 0 0 0 0 0 0 0 393
VINCENT J. O'CONNOR 108 34 0 0 0 0 0 0 0 0 142
NDIFREKE ETTE 150 73 0 0 0 0 0 0 0 0 223
Write-Ins 4 1 0 0 0 0 0 0 0 0 5
Total 834 398 0 0 0 0 0 0 0 0 1232
Pct 1-A Pct 1-B Pct 2-A Pct 2-B Pct 3-A Pct 3-B Pct 4-A Pct 4-B Pct 5-A Pct 5-B Total
DISTRICT 2 COUNCILOR (2 SEATS)
Blanks 0 0 95 260 0 0 0 0 0 0 355
JASON MICHAEL DORNEY 0 0 86 302 0 0 0 0 0 0 388
AMBER LEE CANO-MARTIN 0 0 129 410 0 0 0 0 0 0 539
LYNN GRIESEMER 0 0 118 417 0 0 0 0 0 0 535
Write-Ins 0 0 0 3 0 0 0 0 0 0 3
Total 0 0 428 1392 0 0 0 0 0 0 1820
Pct 1-A Pct 1-B Pct 2-A Pct 2-B Pct 3-A Pct 3-B Pct 4-A Pct 4-B Pct 5-A Pct 5-B Total
DISTRICT 3 COUNCILOR (2 SEATS)
Blanks 0 0 0 0 67 178 0 0 0 0 245
HEATHER HALA LORD 0 0 0 0 86 352 0 0 0 0 438
GEORGE E. RYAN 0 0 0 0 128 344 0 0 0 0 472
PATRICK DRUMM 0 0 0 0 82 242 0 0 0 0 324
Write-Ins 0 0 0 0 1 0 0 0 0 0 1
Total 0 0 0 0 182 562 0 0 0 0 744
Pct 1-A Pct 1-B Pct 2-A Pct 2-B Pct 3-A Pct 3-B Pct 4-A Pct 4-B Pct 5-A Pct 5-B Total
DISTRICT 4 COUNCILOR (2 SEATS)
Blanks 0 0 0 0 0 0 103 50 0 0 153
DILLON MAXFIELD 0 0 0 0 0 0 126 52 0 0 178
PAMELA SUSAN ROONEY 0 0 0 0 0 0 229 138 0 0 367
JENNIFER LYNN TAUB 0 0 0 0 0 0 216 157 0 0 373
Write-Ins 0 0 0 0 0 0 0 1 0 0 1
Total 0 0 0 0 0 0 674 398 0 0 1072
Pct 1-A Pct 1-B Pct 2-A Pct 2-B Pct 3-A Pct 3-B Pct 4-A Pct 4-B Pct 5-A Pct 5-B Total
DISTRICT 5 COUNCILOR (2 SEATS)
Blanks 0 0 0 0 0 0 0 0 137 614 751
ANA MARY DEVLIN GAUTHIER 0 0 0 0 0 0 0 0 127 627 754
SAMUEL A. MACLEOD 0 0 0 0 0 0 0 0 83 553 636
Write-Ins 0 0 0 0 0 0 0 0 3 14 17
Total 0 0 0 0 0 0 0 0 350 1808 2158
Pct 1-A Pct 1-B Pct 2-A Pct 2-B Pct 3-A Pct 3-B Pct 4-A Pct 4-B Pct 5-A Pct 5-B Total
SCHOOL COMMITTEE (5 SEATS)
Blanks 720 324 370 1045 334 903 595 397 299 1450 6437
BRIDGET A. HYNES 277 129 138 493 107 380 223 133 116 621 2617
SARAH A. MARSHALL 227 96 121 414 114 332 192 118 110 606 2330
DEBORAH LEE LEONARD 217 99 104 368 94 300 166 91 86 521 2046
ANDREW W. HART 212 111 120 395 99 297 174 95 87 503 2093
LAURA JANE HUNTER 218 121 123 395 91 295 187 89 89 437 2045
ESTHER AZAR 204 109 94 362 69 280 147 71 78 374 1788
Write-Ins 10 6 0 8 2 3 1 1 10 8 49
Total 2085 995 1070 3480 910 2790 1685 995 875 4520 19405
Pct 1-A Pct 1-B Pct 2-A Pct 2-B Pct 3-A Pct 3-B Pct 4-A Pct 4-B Pct 5-A Pct 5-B Total
LIBRARY BOARD OF TRUSTEES (6 SEATS)
Blanks 1400 623 662 1847 540 1547 955 713 434 2361 11082
FARAH AMEEN 194 105 106 418 94 344 187 79 115 538 2180
NATHANAEL CARL LARSON 185 93 104 364 94 289 179 75 92 500 1975
LEE R. EDWARDS 175 91 103 376 90 279 167 78 100 488 1947
EUGENE ANTHONY GOFFREDO 166 87 99 368 86 281 164 73 96 481 1901
TAMSON ELY 172 89 100 383 86 301 171 77 104 500 1983
AUSTIN D. SARAT 179 93 109 397 92 298 191 86 102 528 2075
Write-Ins 31 13 1 23 10 9 8 13 7 28 143
Total 2502 1194 1284 4176 1092 3348 2022 1194 1050 5424 23286
Pct 1-A Pct 1-B Pct 2-A Pct 2-B Pct 3-A Pct 3-B Pct 4-A Pct 4-B Pct 5-A Pct 5-B Total
HOUSING AUTHORITY (3 SEATS)
Blanks 826 357 393 1123 337 1003 634 381 308 1567 6929
MICHAEL A. BURKART 200 116 113 444 103 319 181 112 98 538 2224
PATRICIA C. DE ANGELIS 205 115 126 466 105 326 193 99 106 557 2298
Write-Ins 19 9 10 55 1 26 6 5 11 50 192
Dakota Costa (write-in winner) 12 2 7 53 0 22 4 0 5 37 142
Total 1250 597 642 2088 546 1674 1014 597 523 2712 11643
Pct 1-A Pct 1-B Pct 2-A Pct 2-B Pct 3-A Pct 3-B Pct 4-A Pct 4-B Pct 5-A Pct 5-B Total
OLIVER SMITH WILL ELECTOR (1 SEAT)
Blanks 172 71 80 207 58 177 116 73 52 272 1278
JUDITH D. SOUWEINE 240 128 133 485 122 376 221 124 121 632 2582
Write-Ins 5 0 1 4 2 5 0 2 2 0 21
Total 417 199 214 696 182 558 337 199 175 904 3881
Attest:
Amber Martin, CMC
Town Clerk
NOVEMBER 4, 2025 BIENNIAL TOWN ELECTION
TOWN OF AMHERST, MA
** CERTIFIED OFFICIAL RESULTS **
The public announcement was made at 9:43 p.m. on Tuesday, November 4, 2025. 3,881 ballots were cast, representing 28.12% of the 13,803 registered voters qualified to 
vote in this Election.
