     UNOFFICIAL  ELECTION RESULTS FOR ANNUAL TOWN ELECTION - ANDOVER MASSACHUSETTS
Tuesday, March 22, 2022
PRECINCTS: P-1 P-2 P-3 P-4/4A P-5 P-6 P-7 P-8 P-9 P-10 TOTALS
MODERATOR - 1 YEAR TERM (1)
SHEILA M. DOHERTY 159 140 226 99 133 102 153 206 165 149 1532
KEITH SAXON 73 93 112 71 95 91 97 109 119 155 1015
Blanks 16 11 10 7 8 5 10 23 15 6 111
Misc. Others 1 0 1 1 0 1 0 3 0 0 7
  Totals 249 244 349 178 236 199 260 341 299 310 2665
SELECT BOARD - 3 YEAR TERM (2)
ALEX VISPOLI 137 150 212 91 143 114 169 214 163 181 1574
MELISSA DANISCH 178 147 223 114 143 133 147 206 213 207 1711
Blanks 179 187 252 149 184 148 199 252 217 228 1995
Misc. Others 4 4 11 2 2 3 5 10 5 4 50
  Totals 498 488 698 356 472 398 520 682 598 620 5330
SCHOOL COMMITTEE - 3 YEAR TERM (2)
ERIN CASH 82 111 116 88 107 96 106 111 135 122 1074
EMILY EP DICESARO 146 112 193 74 106 101 121 186 128 135 1302
JO A. THORLIN 64 66 67 57 67 57 74 61 80 80 673
SHISHAN WANG 39 42 57 34 59 33 53 70 78 71 536
SANDIS H. WRIGHT 132 104 200 73 105 87 105 194 127 147 1274
Blanks 35 53 63 30 28 24 61 58 50 65 467
Misc. Others 0 0 2 0 0 0 0 2 0 0 4
  Totals 498 488 698 356 472 398 520 682 598 620 5330

TRUSTEES OF THE PUNCHARD FREE SCHOOL - 3 YEAR TERM (1)
DAWN D. GILLETTE 180 171 249 116 174 132 176 222 218 207 1845
Blanks 69 72 98 60 62 67 84 117 80 102 811
Misc. Others 0 1 2 2 0 0 0 2 1 1 9
  Totals 249 244 349 178 236 199 260 341 299 310 2665
TRUSTEES OF THE PUNCHARD FREE SCHOOL - 1 YEAR TERM (1)
CHIP GREGORY 174 174 252 123 180 143 173 227 213 202 1861
Blanks 74 70 95 54 56 55 87 112 85 107 795
Misc. Others 1 0 2 1 0 1 0 2 1 1 9
  Totals 249 244 349 178 236 199 260 341 299 310 2665
A true record
ATTEST
Melissa K. Ripley
Town Clerk