      ELECTION RESULTS FOR ANNUAL TOWN ELECTION - ANDOVER, MASSACHUSETTS
Tuesday, March 25, 2025
PRECINCTS: P-1 P-2 P-3 P-4 P-4A P-5 P-6 P-7 P-8 P-9 P-10 TOTALS
MODERATOR - 1 YEAR TERM (1)
SHEILA M. DOHERTY 248 218 299 137 37 209 159 265 286 261 240 2359
Blanks 64 70 56 44 13 73 62 99 95 64 70 710
Misc. Others 7 6 21 0 1 7 3 5 10 15 12 87
  Totals 319 294 376 181 51 289 224 369 391 340 322 3156
SELECT BOARD - 3 YEAR TERM (2)
MELISSA MORRIS DANISCH 232 179 257 125 31 179 144 257 256 249 221 2130
ALEX J. VISPOLI 221 214 257 128 28 186 159 261 263 247 250 2214
Blanks 181 185 232 109 39 204 141 210 258 174 170 1903
Misc. Others 4 10 6 0 4 9 4 10 5 10 3 65
  Totals 638 588 752 362 102 578 448 738 782 680 644 6312
SCHOOL COMMITTEE - 3 YEAR TERM (2)
EMILY EP. DICESARO 194 120 178 70 12 116 116 154 200 161 154 1475
SANDIS H. WRIGHT 194 118 168 68 7 129 109 153 210 158 156 1470
CHRISTOPHER C. SHEPLEY 101 164 183 105 36 149 102 188 155 153 151 1487
JACOB E. TAMARKIN 117 143 184 107 40 159 110 204 186 178 155 1583
Blanks 32 43 39 12 7 24 11 35 29 28 28 288
Misc. Others 0 0 0 0 0 1 0 4 2 2 0 9
  Totals 638 588 752 362 102 578 448 738 782 680 644 6312
TRUSTEES OF THE PUNCHARD FREE SCHOOL - 3 YEAR TERM (1)
STEVEN R. PEKOCK 241 213 271 131 36 200 157 252 273 251 235 2260
Blanks 78 79 102 49 15 85 66 115 117 86 86 878
Misc. Others 0 2 3 1 0 4 1 2 1 3 1 18
  Totals 319 294 376 181 51 289 224 369 391 340 322 3156
TRUSTEES OF THE PUNCHARD FREE SCHOOL - 1 YEAR TERM (1)
OSCAR GILLETTE (write-in) 2 1 1 0 0 0 1 0 0 0 2 7
RICHARD PADOVA (write-in) 0 9 2 4 0 5 2 0 1 1 0 24
Blanks 307 278 355 177 50 272 208 359 380 322 307 3015
Misc. Others 10 6 18 0 1 12 13 10 10 17 13 110
  Totals 319 294 376 181 51 289 224 369 391 340 322 3156
ANDOVER HOUSING AUTHORITY - 5 YEAR TERM (1)
JENNIFER K. HOENIG 244 216 280 138 38 204 164 251 277 255 241 2308
Blanks 75 76 95 43 13 83 60 118 113 83 79 838
Misc. Others 0 2 1 0 0 2 0 0 1 2 2 10

  Totals 319 294 376 181 51 289 224 369 391 340 322 3156
Turnout Rate = 12 percent
A true record
ATTEST
Austin P. Simko
Town Clerk