      ELECTION RESULTS FOR ANNUAL TOWN ELECTION - ANDOVER MASSACHUSETTS
Tuesday, March 28, 2023
PRECINCTS: P-1 P-2 P-3 P-4 P-4A P-5 P-6 P-7 P-8 P-9 P-10 TOTALS
MODERATOR - 1 YEAR TERM (1)
SHEILA M. DOHERTY 175 134 190 78 18 122 91 141 186 132 120 1387
KEITH M. SAXON 45 68 79 38 8 62 53 76 82 64 110 685
Blanks 8 10 6 3 1 6 0 9 7 9 5 64
Misc. Others 0 0 0 1 0 0 0 0 1 0 0 2
  Totals 228 212 275 120 27 190 144 226 276 205 235 2138
SELECT BOARD - 3 YEAR TERM (1)
LAURA M. GREGORY 141 93 136 56 11 99 76 104 169 110 107 1102
KEVIN COFFEY 84 118 136 61 16 91 68 116 106 94 122 1012
Blanks 3 1 3 3 0 0 0 6 1 1 6 24
Misc. Others 0 0 0 0 0 0 0 0 0 0 0 0
  Totals 228 212 275 120 27 190 144 226 276 205 235 2138
SCHOOL COMMITTEE - 3 YEAR TERM (1)
LAUREN MARIE CONOSCENTI 186 155 201 89 15 145 113 156 212 144 156 1572
Blanks 38 50 69 24 12 38 30 62 58 58 67 506
Misc. Others 4 7 5 7 0 7 1 8 6 3 12 60
  Totals 228 212 275 120 27 190 144 226 276 205 235 2138
TRUSTEES OF THE PUNCHARD FREE SCHOOL - 3 YEAR TERM (2)
DONALD FRANCIS SCHROEDER 121 108 134 56 10 103 76 125 151 99 119 1102
CHIP GREGORY 115 95 124 63 13 129 88 127 157 97 107 1115
WILLIAM WALSH 76 75 116 46 8 56 52 64 75 75 87 730
Blanks 143 145 174 72 23 92 72 135 166 139 157 1318
Misc. Others 1 1 2 3 0 0 0 1 3 0 0 11
  Totals 456 424 550 240 54 380 288 452 552 410 470 4276
Turnout Rate = 8 percent
A true record
ATTEST
Austin P. Simko
Town Clerk