PRECINCT A PRECINCT B PRECINCT C PRECINCT D TOTALS
REGISTERED VOTERS - REPUBLICAN 330 413 407 233 1383
REGISTERED VOTERS - DEMOCRATIC 717 591 607 790 2705
REGISTERED VOTERS - LIBERTARIAN 4 14 10 9 37
REGISTERED VOTERS - UNENROLLED 2096 2217 2080 2044 8437
REGISTERED VOTERS - OTHER 34 25 24 23 106
REGISTERED VOTERS - TOTAL 3181 3260 3128 3099 12668
BALLOTS CAST - TOTAL 1071 1147 1084 982 4284
PERCENTAGE OF VOTER TURNOUT 33.7% 35.2% 34.7% 31.7% 33.8%
SELECT BOARD Vote for two PRECINCT A PRECINCT B PRECINCT C PRECINCT D TOTALS
JENNIFER TURNER 539 518 516 505 2078
ANGELA E. BATTLE 501 491 475 491 1958
JONATHAN W. RITTER 521 624 597 434 2176
ALL OTHERS 14 15 17 16 62
BLANKS 567 646 563 518 2294
TOTALS 2142 2294 2168 1964 8568
SCHOOL COMMITTEE Vote for one PRECINCT A PRECINCT B PRECINCT C PRECINCT D TOTALS
JACOB ADAM HULSEBERG 705 750 740 638 2833
ALL OTHERS 13 6 15 14 48
BLANKS 353 391 329 330 1403
TOTALS 1071 1147 1084 982 4284
PLANNING BOARD Vote for one PRECINCT A PRECINCT B PRECINCT C PRECINCT D TOTALS
MICHAEL A. HOFLER 707 722 714 619 2762
ALL OTHERS 8 5 5 11 29
BLANKS 356 420 365 352 1493
TOTALS 1071 1147 1084 982 4284
BOARD OF ASSESSORS Vote for one PRECINCT A PRECINCT B PRECINCT C PRECINCT D TOTALS
RAYMOND GOFF 0 0 3 0 3
DEBORAH SAMMATARO 0 0 3 0 3
ALL OTHERS 18 55 53 46 172
BLANKS 1053 1092 1025 936 4106
TOTALS 1071 1147 1084 982 4284
BOARD OF HEALTH Vote for two PRECINCT A PRECINCT B PRECINCT C PRECINCT D TOTALS
GAIL GRAMAROSSA 713 720 710 638 2781
JAMES POTTER 64 74 53 53 244
ALL OTHERS 8 6 7 16 37
BLANKS 1357 1494 1398 1257 5506
TOTALS 2142 2294 2168 1964 8568
HOUSING AUTHORITY 5 YR TERM Vote for one PRECINCT A PRECINCT B PRECINCT C PRECINCT D TOTALS
BRIAN ROONEY 2 0 1 4 7
ALL OTHERS 17 35 38 35 125
BLANKS 1052 1112 1046 947 4157
TOTALS 1071 1147 1085 986 4289
HOUSING AUTHORITY 4 YR TERM Vote for two PRECINCT A PRECINCT B PRECINCT C PRECINCT D TOTALS
DAVID FRIES 0 0 2 0 2
JUDY O'KULSKY 0 0 2 0 2
ALL OTHERS 23 19 6 8 56
BLANKS 2119 2275 2158 1956 8508
TOTALS 2142 2294 2168 1964 8568
QUESTION 1 PRECINCT A PRECINCT B PRECINCT C PRECINCT D TOTALS
YES 603 547 499 497 2146
NO 463 600 579 484 2126
BLANKS 5 0 6 1 12
TOTALS 1071 1147 1084 982 4284
Attest
Theresa A. Camerlin
Town Clerk
BELCHERTOWN, MASSACHUSETTS
ANNUAL TOWN ELECTION - OFFICIAL RESULTS
May 19, 2025
REGISTERED VOTERS, BALLOTS CAST AND TURNOUT
Shall the Town of Belchertown be allowed to assess an additional $2,894,400.00 in real estate and personal property taxes 
for the purpose of funding municipal and school operating budgets for the fiscal year beginning July 1, 2025?