PRECINCT A PRECINCT B PRECINCT C PRECINCT D TOTALS
REGISTERED VOTERS - REPUBLICAN 324 398 408 225 1355
REGISTERED VOTERS - DEMOCRATIC 689 602 608 783 2682
REGISTERED VOTERS - LIBERTARIAN 5 13 10 8 36
REGISTERED VOTERS - UNENROLLED 2008 2104 2024 1953 8089
REGISTERED VOTERS - OTHER 32 21 26 25 104
REGISTERED VOTERS - TOTAL 3058 3138 3076 2994 12266
BALLOTS CAST - TOTAL 314 296 309 280 1199
PERCENTAGE OF VOTER TURNOUT 10.3% 9.4% 10.0% 9.4% 9.8%
TOWN CLERK Vote for one PRECINCT A PRECINCT B PRECINCT C PRECINCT D TOTALS
THERESA A. CAMERLIN 299 279 294 264 1136
ALL OTHERS 0 4 2 0 6
BLANKS 15 13 13 16 57
TOTALS 314 296 309 280 1199
SELECT BOARD Vote for two PRECINCT A PRECINCT B PRECINCT C PRECINCT D TOTALS
WHITNEY JORNS KUHNLENZ 259 253 258 247 1017
NICOLE ANN MINER 251 247 266 231 995
ALL OTHERS 16 18 15 7 56
BLANKS 102 74 79 75 330
TOTALS 628 592 618 560 2398
SCHOOL COMMITTEE Vote for two PRECINCT A PRECINCT B PRECINCT C PRECINCT D TOTALS
RUBY BANSAL 265 254 267 257 1043
AMY BW LAMOTHE 268 254 269 252 1043
ALL OTHERS 0 5 3 2 10
BLANKS 95 79 79 49 302
TOTALS 628 592 618 560 2398
PLANNING BOARD Vote for two PRECINCT A PRECINCT B PRECINCT C PRECINCT D TOTALS
LEONARD D. BILODEAU 268 263 275 246 1052
ALL OTHERS 1 0 0 0 1
BLANKS 45 33 34 34 146
TOTALS 314 296 309 280 1199
BOARD OF ASSESSORS Vote for one PRECINCT A PRECINCT B PRECINCT C PRECINCT D TOTALS
CRAIG TOMMILA 9 14 7 12 42
ALL OTHERS 5 9 10 4 28
BLANKS 300 273 292 264 1129
TOTALS 314 296 309 280 1199
BELCHERTOWN, MASSACHUSETTS
ANNUAL TOWN ELECTION
MAY 20, 2024 - OFFICIAL RESULTS
REGISTERED VOTERS, BALLOTS CAST AND TURNOUT

BOARD OF HEALTH Vote for two PRECINCT A PRECINCT B PRECINCT C PRECINCT D TOTALS
COLLEN M. DUROSHEA 274 269 273 255 1071
ALL OTHERS 0 2 0 0 2
BLANKS 40 25 36 25 126
TOTALS 314 296 309 280 1199
HOUSING AUTHORITY Vote for two PRECINCT A PRECINCT B PRECINCT C PRECINCT D TOTALS
Marie Ciosek 9 7 5 1 22
David Fries 8 4 2 2 16
ALL OTHERS 13 18 6 8 45
BLANKS 598 563 605 549 2315
TOTALS 628 592 618 560 2398