Official Results           2023 ANNUAL TOWN ELECTION - BROOKLINE, MA    May 2, 2023
P 1 P 2 P 3 P 4 P 5 P 6 P 7 P 8 P 9 P 10 P 11 P 12 P 13 P 14 P 15 P 16 P17 TOTAL
SELECT BOARD (3 Year) Vote for 2
  Blank votes 257 185 391 261 483 618 435 417 369 430 468 523 468 499 498 503 308 7113
  Write-in votes 1 0 5 2 4 2 2 0 2 1 0 1 3 1 8 6 3 41
JOHN R. VANSCOYOC 303 160 368 248 392 409 302 281 325 311 297 425 435 571 563 450 278 6118
ARDEN REAMER 182 233 383 201 389 544 354 515 396 351 435 408 344 266 244 306 338 5889
PAUL J. WARREN 413 204 385 238 348 425 291 271 328 271 296 385 344 491 473 421 331 5915
TOTAL 1156 782 1532 950 1616 1998 1384 1484 1420 1364 1496 1742 1594 1828 1786 1686 1258 25076
P 1 P 2 P 3 P 4 P 5 P 6 P 7 P 8 P 9 P 10 P 11 P 12 P 13 P 14 P 15 P 16 P17 TOTAL
TRUSTEES OF THE PUBLIC LIBRARY (3 Year) Vote for 4 0
  Blank votes 1107 634 1277 788 1476 1838 1230 1314 1275 1182 1336 1574 1414 1785 1819 1619 1013 22681
  Write-in votes 1 1 7 3 5 4 9 4 6 5 0 4 2 6 8 2 7 74
CHRIS CHANYASULKIT 298 233 456 278 444 541 388 404 397 395 434 485 484 479 447 460 389 7012
KAREIN LIVINGSTON 315 240 463 294 458 542 395 430 400 409 416 489 452 507 461 448 384 7103
JONATHAN J. MARGOLIS 304 239 453 280 441 538 396 416 403 385 413 488 438 466 446 446 373 6925
MARISSA FARLAND VOGT 287 217 408 257 408 533 350 400 359 352 393 444 398 413 391 397 350 6357
TOTAL 2312 1564 3064 1900 3232 3996 2768 2968 2840 2728 2992 3484 3188 3656 3572 3372 2516 50152
P 1 P 2 P 3 P 4 P 5 P 6 P 7 P 8 P 9 P 10 P 11 P 12 P 13 P 14 P 15 P 16 P17 TOTAL
TRUSTEES OF THE PUBLIC LIBRARY (1 Year) Vote for 1 0
  Blank votes 245 138 271 152 324 406 261 272 266 263 269 332 306 415 388 333 216 4857
  Write-in votes 5 2 2 1 3 0 5 0 2 1 4 4 0 5 3 2 4 43
JUDITH GOLEMAN 328 251 493 322 481 593 426 470 442 418 475 535 491 494 502 508 409 7638
TOTAL 578 391 766 475 808 999 692 742 710 682 748 871 797 914 893 843 629 12538
P 1 P 2 P 3 P 4 P 5 P 6 P 7 P 8 P 9 P 10 P 11 P 12 P 13 P 14 P 15 P 16 P17 TOTAL
SCHOOL COMMITTEE (3 Year) Vote for 3 0
  Blank votes 825 479 922 596 1104 1365 913 973 962 928 981 1179 1126 1428 1411 1204 769 17165
  Write-in votes 5 1 8 4 7 7 5 0 6 1 1 4 3 8 12 12 8 92
SUZANNE FEDERSPIEL 289 220 428 268 438 518 376 400 388 368 407 470 416 443 423 447 374 6673
ANDY J. LIU 310 232 448 285 443 530 378 427 382 362 414 478 427 454 428 447 373 6818
MARIAH C. NOBREGA 305 241 492 272 432 577 404 426 392 387 441 482 419 409 405 419 363 6866
TOTAL 1734 1173 2298 1425 2424 2997 2076 2226 2130 2046 2244 2613 2391 2742 2679 2529 1887 37614
P 1 P 2 P 3 P 4 P 5 P 6 P 7 P 8 P 9 P 10 P 11 P 12 P 13 P 14 P 15 P 16 P17 TOTAL
SCHOOL COMMITTEE (1 Year) Vote for 1 0
  Blank votes 190 75 167 128 206 225 180 154 158 151 193 230 243 333 345 281 113 3372
  Write-in votes 0 0 4 3 3 0 1 1 1 0 0 1 1 3 3 3 2 26
NATALIA LINOS 270 243 426 252 467 625 392 444 373 416 447 487 407 374 350 389 294 6656
CHRISTOPHER S. MUTTY 118 73 169 92 132 149 119 143 178 115 108 153 146 204 195 170 220 2484
TOTAL 578 391 766 475 808 999 692 742 710 682 748 871 797 914 893 843 629 12538
P 1 P 2 P 3 P 4 P 5 P 6 P 7 P 8 P 9 P 10 P 11 P 12 P 13 P 14 P 15 P 16 P17 TOTAL
HOUSING AUTHORITY (5 Year) Vote for 1 0
  Blank votes 137 62 122 89 160 209 148 116 102 139 150 173 214 270 248 203 94 2636
  Write-in votes 2 0 4 2 2 1 1 1 0 0 0 1 2 1 4 2 1 24
SUSAN C. COHEN 254 119 337 187 242 335 248 260 342 242 243 364 330 400 409 391 284 4987
KIMBERLEY RICHARDSON 185 210 303 197 404 454 295 365 266 301 355 333 251 243 232 247 250 4891
TOTAL 578 391 766 475 808 999 692 742 710 682 748 871 797 914 893 843 629 12538
P 1 P 2 P 3 P 4 P 5 P 6 P 7 P 8 P 9 P 10 P 11 P 12 P 13 P 14 P 15 P 16 P17 TOTAL
TOWN MEETING MEMBER PRECINCT 1 (3 Year) Vote for 5 0
  Blank votes 1017 1017
  Write-in votes 9 9
RUI ANDRE PINTO ALBUQUERQUE 322 322
SARAH ERICSSON 350 350
AMY R. EVENSON 348 348
CAROL B. HILLMAN 325 325
BETTINA NEUFEUIND 359 359
REGINA HEALY 160 160
TOTAL 2890 2890
P 1 P 2 P 3 P 4 P 5 P 6 P 7 P 8 P 9 P 10 P 11 P 12 P 13 P 14 P 15 P 16 P17 TOTAL
TOWN MEETING MEMBER PRECINCT 2 (3 Year) Vote for 5 0
  Blank votes 545 545
  Write-in votes 1 1
MARKUS L. PENZEL 270 270
STUART P. RUBINOW 175 175
ARIEL JEREMY SOIFFER 190 190
CARLOS MARIO TAMAYO 209 209
DAVID E. TREVVETT 231 231
RAPHAEL BUENO 79 79
REBECCA BUENO 74 74
ROBERT M. MILLER 181 181
TOTAL 1955 1955
P 1 P 2 P 3 P 4 P 5 P 6 P 7 P 8 P 9 P 10 P 11 P 12 P 13 P 14 P 15 P 16 P17 TOTAL
TOWN MEETING MEMBER PRECINCT 3 (3 Year) Vote for 5 0
  Blank votes 1382 1382
  Write-in votes 13 13
JEFFREY R. BENSON 329 329
MURRAY W. DEWART, JR. 390 390
DONALD G. LEKA 325 325
JOANNE MARIE LIAUTAUD 366 366
FELINA SILVER ROBINSON 366 366
SEAN LECKEY 262 262
ANNE LEWIS TURNER 397 397
TOTAL 3830 3830
P 1 P 2 P 3 P 4 P 5 P 6 P 7 P 8 P 9 P 10 P 11 P 12 P 13 P 14 P 15 P 16 P17 TOTAL
TOWN MEETING MEMBER PRECINCT 4 (3 Year) Vote for 5 0
  Blank votes 783 783
  Write-in votes 15 15
ELIZABETH CHILDS 246 246
CHRISTOPHER S. DEMPSEY 266 266
MATTHEW D. HYATT 264 264
LIZ LINDER 231 231
KALYMBA D. O'NEAL 187 187
WENDY MARIA MACMILLAN 170 170
AWET TEAME 213 213
TOTAL 2375 2375
P 1 P 2 P 3 P 4 P 5 P 6 P 7 P 8 P 9 P 10 P 11 P 12 P 13 P 14 P 15 P 16 P17 TOTAL
TOWN MEETING MEMBER PRECINCT 5 (3 Year) Vote for 5 0
  Blank votes 1050 1050
  Write-in votes 10 10
BONNIE M. BASTIEN 414 414
ANTHONY E. FLINT 427 427
WENDY A. FRIEDMAN 392 392
NEIL A. WISHINSKY 305 305
SUSAN C. WISHINSKY 299 299
CARLOS R. RIOS 416 416
CRUZ SANABRIA 102 102
ALOK KUMAR SOMANI 200 200
WENDY STAHL 425 425
TOTAL 4040 4040

P 1 P 2 P 3 P 4 P 5 P 6 P 7 P 8 P 9 P 10 P 11 P 12 P 13 P 14 P 15 P 16 P17 TOTAL
TOWN MEETING MEMBER PRECINCT 6 (3 Year) Vote for 5 0
  Blank votes 2021 2021
  Write-in votes 7 7
CLINTON Q. RICHMOND 345 345
MARISSA FARLAND VOGT 501 501
CATHERINE C. ANDERSON 520 520
PATRICIA ANN CORREA 517 517
BITSY PERLMAN 452 452
RUTHANN SNEIDER 294 294
ALEX J. VILLANUEVA 338 338
TOTAL 4995 4995
P 1 P 2 P 3 P 4 P 5 P 6 P 7 P 8 P 9 P 10 P 11 P 12 P 13 P 14 P 15 P 16 P17 TOTAL
TOWN MEETING MEMBER PRECINCT 7 (3 Year) Vote for 5 0
  Blank votes 1227 1227
  Write-in votes 8 8
JOHN P. HEBERT 286 286
MARK E. LEVY 276 276
RITA SHAO-LIN SHON-BAKER 239 239
PATRICIA LOUISE MAHER 331 331
BRIANNA NICOLE MIRABILE 224 224
AMY ISIKOFF NEWELL 288 288
MAX E. NEWELL 239 239
JESSICA W. STOKES 342 342
TOTAL 3460 3460
P 1 P 2 P 3 P 4 P 5 P 6 P 7 P 8 P 9 P 10 P 11 P 12 P 13 P 14 P 15 P 16 P17 TOTAL
TOWN MEETING MEMBER PRECINCT 7 (1 Year) Vote for 1 0
  Blank votes 276 276
  Write-in votes 4 4
RYAN DAVID BLACK 412 412
TOTAL 692 692
P 1 P 2 P 3 P 4 P 5 P 6 P 7 P 8 P 9 P 10 P 11 P 12 P 13 P 14 P 15 P 16 P17 TOTAL
TOWN MEETING MEMBER PRECINCT 8 (3 Year) Vote for 5 0
  Blank votes 1172 1172
  Write-in votes 0 0
JOHN HARRIS 428 428
NANCY SCHNEIDER HELLER 324 324
ALEXANDER JOSEPH LEBOVITZ 370 370
SUSAN ELLEN CHERRY 232 232
FRANCINE B. PERLER 290 290
ALISA MARIA PLAZONJA 259 259
RICHARD S. SHEWARD 228 228
ERIC C. STONE 322 322
ANDREW COOPER WARREN 85 85
TOTAL 3710 3710
P 1 P 2 P 3 P 4 P 5 P 6 P 7 P 8 P 9 P 10 P 11 P 12 P 13 P 14 P 15 P 16 P17 TOTAL
TOWN MEETING MEMBER PRECINCT 9 (3 Year) Vote for 5 0
  Blank votes 1112 1112
  Write-in votes 6 6
LEE L. BIERNBAUM 323 323
MARION H. FREEDMAN-GURSPAN 326 326
MARTIN R. ROSENTHAL 318 318
JUDITH A. VANDERKAY 313 313
GEORGE ABBOTT WHITE 294 294
SUSAN K. HOWARDS 323 323
MATTIE E. KLOCK 274 274
TIMOTHY JOHN RODRIGUEZ 261 261
TOTAL 3550 3550
P 1 P 2 P 3 P 4 P 5 P 6 P 7 P 8 P 9 P 10 P 11 P 12 P 13 P 14 P 15 P 16 P17 TOTAL
TOWN MEETING MEMBER PRECINCT 10 (3 Year) Vote for 5 0
  Blank votes 1088 1088
  Write-in votes 5 5
SUZETTE ABBOTT 375 375
CHER K. DUFFIELD 273 273
CASEY ANN HATCHETT 272 272
KIMBERLY ELIZABETH LOSCALZO 364 364
ARIEL MADDOCKS 381 381
NICOLE E. STEPHENS 316 316
KARIN L. WEAVER 336 336
TOTAL 3410 3410
P 1 P 2 P 3 P 4 P 5 P 6 P 7 P 8 P 9 P 10 P 11 P 12 P 13 P 14 P 15 P 16 P17 TOTAL
TOWN MEETING MEMBER PRECINCT 11 (3 Year) Vote for 5 0
  Blank votes 1321 1321
  Write-in votes 4 4
JONATHAN J. GOLDEN 389 389
MARTHA E. GRAY 438 438
DAVID LOWE 450 450
SUSAN B. FRIED 215 215
JOHN FRANKLIN HILLIARD 385 385
JACOB ARASH POURATI 182 182
JOHN A. RUMPLER 356 356
TOTAL 3740 3740
P 1 P 2 P 3 P 4 P 5 P 6 P 7 P 8 P 9 P 10 P 11 P 12 P 13 P 14 P 15 P 16 P17 TOTAL
TOWN MEETING MEMBER PRECINCT 12 (3 Year) Vote for 5 0
  Blank votes 1845 1845
  Write-in votes 13 13
JONATHAN MICHAEL ABBETT 478 478
STEPHANIE A. BRUCE 477 477
MICHAEL A. BURSTEIN 471 471
MAZAL JARET 360 360
MICHAEL KUSHNER 383 383
IRVING A. KURKI 328 328
TOTAL 4355 4355
P 1 P 2 P 3 P 4 P 5 P 6 P 7 P 8 P 9 P 10 P 11 P 12 P 13 P 14 P 15 P 16 P17 TOTAL
TOWN MEETING MEMBER PRECINCT 13 (3 Year) Vote for 5 0
  Blank votes 961 961
  Write-in votes 2 2
MAXINE H. AIKEN FREEDMAN 281 281
MARK N. GERBER 281 281
WERNER LOHE 379 379
JUDITH E. SELWYN 304 304
LEE L. SELWYN 268 268
MICHAEL THOMAS BEST 308 308
LAURA KNOTT 318 318
DAVID MENDELS 308 308
ALLYALA KRISHNA NANDAKUMAR 266 266
MICHAEL RUBENSTEIN 309 309
TOTAL 3985 3985
P 1 P 2 P 3 P 4 P 5 P 6 P 7 P 8 P 9 P 10 P 11 P 12 P 13 P 14 P 15 P 16 P17 TOTAL

TOWN MEETING MEMBER PRECINCT 13 (1 Year) Vote for 1 0
  Blank votes 191 191
  Write-in votes 0 0
JONATHAN S. FINE 310 310
KEVIN THOMAS MACKENZIE 296 296
TOTAL 797 797
P 1 P 2 P 3 P 4 P 5 P 6 P 7 P 8 P 9 P 10 P 11 P 12 P 13 P 14 P 15 P 16 P17 TOTAL
TOWN MEETING MEMBER PRECINCT 14 (3 Year) Vote for 5 0
  Blank votes 2115 2115
  Write-in votes 6 6
SHAARI S. MITTEL 477 477
YOUKAVET SAMIH 418 418
SHARON R. SCHOFFMANN 483 483
SAMI ZELKHA 447 447
SASSAN ZELKHA 380 380
DAVID P. MORSE, JR. 244 244
TOTAL 4570 4570
P 1 P 2 P 3 P 4 P 5 P 6 P 7 P 8 P 9 P 10 P 11 P 12 P 13 P 14 P 15 P 16 P17 TOTAL
TOWN MEETING MEMBER PRECINCT 14 (1 Year) Vote for 1 0
  Blank votes 247 247
  Write-in votes 1 1
DAVID QUINN GACIOCH 349 349
EFRAT ZINNAR-SHAVIT 317 317
TOTAL 914 914
P 1 P 2 P 3 P 4 P 5 P 6 P 7 P 8 P 9 P 10 P 11 P 12 P 13 P 14 P 15 P 16 P17 TOTAL
TOWN MEETING MEMBER PRECINCT 15 (3 Year) Vote for 5 0
  Blank votes 1779 1779
  Write-in votes 6 6
JANE M. FLANAGAN 473 473
BENEDICTE HALLOWELL 440 440
ARISA SUSAN BOIT 374 374
ELISABETH W. CUNNINGHAM 357 357
JULIAN HART FISHER 369 369
JAMES C. ROURKE, JR. 362 362
CORNELIA HJ VAN DER ZIEL 305 305
TOTAL 4465 4465
P 1 P 2 P 3 P 4 P 5 P 6 P 7 P 8 P 9 P 10 P 11 P 12 P 13 P 14 P 15 P 16 P17 TOTAL
TOWN MEETING MEMBER PRECINCT 16 (3 Year) Vote for 5 0
  Blank votes 2159 2159
  Write-in votes 87 87
DAVID SPENCER DAY 434 434
MICHAEL HARRINGTON 427 427
JUDITH LEICHTNER 512 512
DEBORAH MOORE ABNER 474 474
Paul Casey 50 50
Jessica Ryan 72 72
TOTAL 4215 4215
P 1 P 2 P 3 P 4 P 5 P 6 P 7 P 8 P 9 P 10 P 11 P 12 P 13 P 14 P 15 P 16 P17 TOTAL
TOWN MEETING MEMBER PRECINCT 17 (3 Year) Vote for 5 0
  Blank votes 868 868
  Write-in votes 7 7
CHRISTOPHER A. KAHL 247 247
JOHN R. SHREFFLER 264 264
ISAAC FREDRIC LOUIS SILBERBERG 297 297
MARTIN D. YASEEN 229 229
ANTHONY J. BUONO 347 347
JONATHAN KLEIN 277 277
CHRISTOPHER S. MUTTY 331 331
ELIZABETH A. SCHAFER 278 278
TOTAL 3145 3145
P 1 P 2 P 3 P 4 P 5 P 6 P 7 P 8 P 9 P 10 P 11 P 12 P 13 P 14 P 15 P 16 P17 TOTAL
QUESTION 1 0
  Blank votes 19 7 21 10 18 15 10 22 19 13 9 7 13 14 20 14 10 241
YES 233 222 464 271 428 712 421 429 412 425 419 424 353 313 210 224 343 6303
NO 326 162 281 194 362 272 261 291 279 244 320 440 431 587 663 605 276 5994
TOTAL 578 391 766 475 808 999 692 742 710 682 748 871 797 914 893 843 629 12538
P 1 P 2 P 3 P 4 P 5 P 6 P 7 P 8 P 9 P 10 P 11 P 12 P 13 P 14 P 15 P 16 P17 TOTAL
QUESTION 2A 0
  Blank votes 14 7 11 11 17 15 10 14 20 11 8 6 14 14 22 18 11 223
YES 280 266 538 303 508 769 475 505 459 472 483 516 447 417 294 391 393 7516
NO 284 118 217 161 283 215 207 223 231 199 257 349 336 483 577 434 225 4799
TOTAL 578 391 766 475 808 999 692 742 710 682 748 871 797 914 893 843 629 12538
P 1 P 2 P 3 P 4 P 5 P 6 P 7 P 8 P 9 P 10 P 11 P 12 P 13 P 14 P 15 P 16 P17 TOTAL
QUESTION 2B 0
  Blank votes 16 14 18 12 23 26 16 18 32 23 18 5 15 17 23 18 18 312
YES 234 217 428 257 435 622 386 396 386 381 421 409 350 301 210 319 325 6077
NO 328 160 320 206 350 351 290 328 292 278 309 457 432 596 660 506 286 6149
TOTAL 578 391 766 475 808 999 692 742 710 682 748 871 797 914 893 843 629 12538
P 1 P 2 P 3 P 4 P 5 P 6 P 7 P 8 P 9 P 10 P 11 P 12 P 13 P 14 P 15 P 16 P17 TOTAL
QUESTION 3 0
  Blank votes 8 7 10 9 18 20 10 11 18 11 12 5 13 10 27 23 14 226
YES 382 236 436 271 450 573 409 438 392 366 376 564 460 654 611 573 367 7558
NO 188 148 320 195 340 406 273 293 300 305 360 302 324 250 255 247 248 4754
TOTAL 578 391 766 475 808 999 692 742 710 682 748 871 797 914 893 843 629 12538
P 1 P 2 P 3 P 4 P 5 P 6 P 7 P 8 P 9 P 10 P 11 P 12 P 13 P 14 P 15 P 16 P17 TOTAL
Voter Turnout 0
Registered Voters 2270 1572 2407 2181 2528 2555 2291 2335 2559 2556 2610 2611 2730 2924 2829 2416 2282 41656
Votes Cast 578 391 766 475 808 999 692 742 710 682 748 871 797 914 893 843 629 12538
Turnout 25.46% 24.87% 31.82% 21.78% 31.96% 39.10% 30.21% 31.78% 27.75% 26.68% 28.66% 33.36% 29.19% 31.26% 31.57% 34.89% 27.56% 30.10%