ANNUAL TOWN ELECTION 
April 2, 2024
Three year terms
SELECT BOARD 1 2 3 4 5 6 7 TOTAL
PATRICIA M. BOYDEN 376 607 338 450 531 422 499 3223
RITA MARIE LOMBARDI 329 475 255 371 484 374 448 2736
MICHAEL C. LOUGHRAN JR. 377 602 192 458 549 329 410 2917
THOMAS W. THEODORE 350 530 187 404 493 297 360 2621
**Others 1 1 0 3 5 3 2 15
BLANKS 73 145 74 112 98 105 93 700
TOTAL 1506 2360 1046 1798 2160 1530 1812 12212
Three year term
TOWN CLERK 1 2 3 4 5 6 7 TOTAL
TRACY K. KENNEY 616 944 385 719 883 642 715 4904
**Others 2 2 1 7 3 6 4 25
BLANKS 135 234 137 173 194 117 187 1177
TOTAL 753 1180 523 899 1080 765 906 6106
Three year term
ASSESSORS 1 2 3 4 5 6 7 TOTAL
ROCCO F. DIGIROLAMO 410 595 214 462 565 332 421 2999
KATHLEEN MARIE HOWLEY 311 486 273 386 463 390 435 2744
**Others 1 2 0 1 0 0 0 4
BLANKS 31 97 36 50 52 43 50 359
TOTAL 753 1180 523 899 1080 765 906 6106
Three year term
BOARD OF HEALTH 1 2 3 4 5 6 7 TOTAL
ALAN RAPOPORT 582 905 380 648 808 609 677 4609
**Others 3 7 2 6 4 4 5 31
BLANKS 168 268 141 245 268 152 224 1466
TOTAL 753 1180 523 899 1080 765 906 6106
Three year term
SCHOOL COMMITTEE 1 2 3 4 5 6 7 TOTAL
JENNIFER M. O'DONNELL 270 366 195 300 339 263 328 2061
KENDALL N. O'HALLORAN 422 698 290 519 676 412 495 3512
**Others 0 1 0 3 1 1 0 6
BLANKS 61 115 38 77 64 89 83 527
TOTAL 753 1180 523 899 1080 765 906 6106


ANNUAL TOWN ELECTION 
April 2, 2024
Five year term
PLANNING BOARD 1 2 3 4 5 6 7 TOTAL
JOHNS. MARINI 278 371 161 342 406 249 310 2117
KATHY JANE MCCORMACK 395 653 305 449 555 446 493 3296
**Robert Maffie Jr. 11 11 10 11 13 6 11 73
**Others 2 3 0 2 1 2 1 11
BLANKS 67 142 47 95 105 62 91 609
TOTAL 753 1180 523 899 1080 765 906 6106
Two year term (to fill a vacancy)
PLANNING BOARD 1 2 3 4 5 6 7 TOTAL
SEAN PATRICK ROBINSON 466 727 337 526 656 555 566 3833
**Robert Maffie Jr. 122 165 59 167 222 68 130 933
**Others 2 5 4 5 4 3 5 28
BLANKS 163 283 123 201 198 139 205 1312
TOTAL 753 1180 523 899 1080 765 906 6106
Three year terms
LIBRARY TRUSTEES 1 2 3 4 5 6 7 TOTAL
MINDY M. MILMAN 284 439 210 365 448 281 353 2380
JANET R. CHAMBERLAIN 480 753 313 543 700 534 571 3894
CHRISTINE A. UNTERSEE 421 678 268 480 574 456 510 3387
JOAN FLOREK SCHOTTENFELD 410 668 280 476 573 442 529 3378
**Others 6 8 3 4 11 8 5 45
BLANKS 658 994 495 829 934 574 750 5234
TOTAL 2259 3540 1569 2697 3240 2295 2718 18318
Five Year Term
HOUSING AUTHORITY 1 2 3 4 5 6 7 TOTAL
LISA R. LOPEZ 471 769 361 563 691 564 604 4023
***Nicholas Corkery 145 183 74 194 252 77 140 1065
**Others 8 7 5 7 13 12 13 65
BLANKS 129 221 83 135 124 112 149 953
TOTAL 753 1180 523 899 1080 765 906 6106
Winners appear in yellow 
** denotes write in
