PRCT. 1 PRCT. 2 PRCT. 3 PRCT. 4 TOTAL
MODERATOR
Ingano 144 156 120 138 558
Blanks 13 18 15 21 67
Write-In's 1 3 0 0 4
Total 158 177 135 159 629
SELECTMEN
Lucht 48 57 45 63 213
Perusse 110 118 85 94 407
Blanks 0 0 2 2 4
Write-In's 0 2 3 3 5
Total 158 177 135 159 629
BOARD OF HEALTH
Lipka 137 159 109 131 536
Blanks 20 6 25 28 89
Write-In's 1 2 1 0 4
Total 158 177 135 159 629
LIBRARY
Parkinson 129 153 106 126 514
Neil (WI) 23 31 12 3 70
Blanks 164 167 150 182 670
Write-In's 0 3 13 7 4
Total 316 354 270 318 1258
PARKS & REC
Green 119 124 92 105 440
Kerrigan 129 155 108 131 523
Blanks 67 71 69 82 289
Write-In's 1 4 1 0 6
Total 316 354 270 318 1258
SCHOOL COMM.
Bates 125 151 98 124 498
Varakis 125 135 101 105 466
Blanks 65 65 69 89 288
Write-In's 1 3 2 0 6
Total 316 354 270 318 1258
PLANNING BOARD
Price 128 138 98 128 492
Blanks 28 32 34 31 125
Write-In's 2 7 3 0 12
Total 158 177 135 159 629
2021 Town Election

HOUSING AUTH.(5)
McGrail 140 156 110 131 537
Blanks 18 20 25 27 90
Write-In's 0 1 0 1 2
Total 158 177 135 159 629
HOUSING AUTH. (4)
Johnson 131 149 102 118 500
Blanks 25 24 33 41 123
Write-In's 2 4 0 0 6
Total 158 177 135 159 629
HOUSING AUTH.(1)
Tivnan 136 151 111 133 531
Blanks 22 23 24 24 93
Write-In's 0 3 0 2 5
Total 158 177 135 159 629
6.12% of Registered Voters in Clinton