PRCT. 1 PRCT. 2 PRCT. 3 PRCT. 4 TOTAL
MODERATOR
Ingano 406 267 390 358 1421
Blanks 30 29 46 42 147
Write-In's 0 0 0 0 0
Total 436 296 436 400 1568
SELECT BOARD
Perusse 328 217 278 262 1085
Wood 72 62 118 103 355
Blanks 36 17 40 35 128
Write-In's 0 0 0 0 0
Total 436 296 436 400 1568
BOARD OF HEALTH
Lipka 383 268 370 347 1368
Blanks 53 28 66 53 200
Write-In's 0 0 0 0 0
Total 436 296 436 400 1568
LIBRARY
Parkinson 342 232 331 285 1190
McGuire 322 205 293 289 1109
Blanks 205 147 237 221 810
Marty Shaughnessy 1 5 11 5 22
Christine Gagliardi 2 3 0 0 5
Total 872 592 872 800 3136
LIBRARY (2 YEAR)
Blanks 427 273 423 378 1501
Marty Shaughnessy 7 11 13 16 47
Christine Gagliardi 2 12 0 6 20
Total 436 296 436 400 1568
PARKS & REC
Kerrigan 329 222 317 290 1158
Costello 168 75 167 136 546
Verrier 196 177 187 192 752
Blanks 179 118 201 182 680
Write-In's 0 0 0 0 0
Total 872 592 872 800 3136
SCHOOL COMM.
Varakis 351 248 358 283 1240
Blanks 504 331 506 487 1828
Connolly 13 13 8 29 63
Shannon Reilly 4 0 0 1 5
JUNE 10, 2024 Town Election 

Total 872 592 372 800 3136
PLANNING BOARD
DiMeco 374 255 370 323 1322
Blanks 62 41 66 77 246
Write-In's 0 0 0 0 0
Total 436 296 436 400 1568
YES 311 204 283 242 1040
NO 115 81 134 147 477
BLANKS 10 11 19 11 51
436 296 436 400 1568
Registered Voters 10836 14.47%