Town Election
   COHASSET, MASSACHUSETTS
                Saturday May 14, 2022
OFFICIAL RESULTS
Annual Town Election May 14, 2022
Pct. 1 Pct. 2 Pct. 3 Total
Registered Voters 2018 2198 2104 6320
Total Votes Cast 404 384 414 1202
Percent Voted 20.02% 17.47% 19.68% 19.02%
Selectmen 3 Years (2) Pct.1 Pct. 2 Pct. 3 Pcts. 1, 2 & 
3 Total
Jonathan R. Creighton 269 229 239 737
Paul L. Grady, Jr. 206 172 182 560
Paul J. Laugelle 109 159 164 432
Helene Lieb 142 123 146 411
Scattering 5 5 1 11
Blanks 77 80 96 253
Total Votes 808 768 828 2404
Town Clerk One Year (1) Pct.1 Pct. 2 Pct. 3 Pcts. 1, 2 & 
3 Total
Elisabeth Legge 312 297 336 945
Write - in: Carol L. St. Pierre 0 5 0 5
Scattering 0 4 2 6
Blanks 92 78 76 246
Total Votes 404 384 414 1202
School Committee                                
3 Years (2) Pct.1 Pct. 2 Pct. 3 Pcts. 1, 2 & 
3 Total
Craig J. MacLellan 274 264 305 843
Write - in: Edwin G. Carr 5 8 10 23
Write - in: Ashley W. Colleary 3 7 1 11
Write - in: Cassie V. Muir 3 3 2 8
Write - in: Jeffrey H. Chubb 3 2 2 7
Write - in: Jenna B. Cunningham 1 4 1 6
Write - in: William B. Bitter 0 4 3 7
Scattering 12 13 23 48
Blanks 507 463 481 1451
Total Votes 808 768 828 2404
Trustees Paul Pratt Memorial Library 
3 Years (3) Pct.1 Pct. 2 Pct. 3 Pcts. 1, 2 & 
3 Total
Elaine J. Breslow 291 275 301 867
Sarah R. Pease 287 293 319 899
Write-in: Alexander O. Viteri 32 28 24 84
Scattering 9 8 21 38
Blanks 593 548 577 1718
Total Votes 1212 1152 1242 3606
Assessor 3 Years (1) Pct.1 Pct. 2 Pct. 3 Pcts. 1, 2 & 
3 Total
Lorraine C. Tarpey 291 287 328 906
Scattering 1 1 3 5
Blanks 112 96 83 291
Total Votes 404 384 414 1202

Board of Health 3 Years (1) Pct.1 Pct. 2 Pct. 3 Pcts. 1, 2 & 
3 Total
Elizabeth Lauren Kirkpatrick 278 275 295 848
Scattering 0 1 1 2
Blanks 126 108 118 352
Total Votes 404 384 414 1202
Planning Board 5 Years (1) Pct.1 Pct. 2 Pct. 3 Pcts. 1, 2 & 
3 Total
Deidre M. Hobson 284 268 307 859
Write-in: Kevin S. Heine 9 2 2 13
Scattering 0 0 10 10
Blanks 111 114 95 320
Total Votes 404 384 414 1202
Planning Board Associate Member      
3 Years (1) Pct.1 Pct. 2 Pct. 3 Pcts. 1, 2 & 
3 Total
Write-in: Kevin S. Heine 19 4 4 27
Write-in: Paul W. Hickey 5 0 0 5
Scattering 10 17 8 35
Blanks 370 363 402 1135
Total Votes 404 384 414 1202
Recreation Commission 5 Years (3) Pct.1 Pct. 2 Pct. 3 Pcts. 1, 2 & 
3 Total
John M. DeLorenzo 275 283 298 856
Catherine E. Campbell 269 267 289 825
Julie V. Rollins 265 257 291 813
Scattering 1 3 3 7
Blanks 402 342 361 1105
Total Votes 1212 1152 1242 3606
Sewer Commission 3 Years (1) Pct.1 Pct. 2 Pct. 3 Pcts. 1, 2 & 
3 Total
Write-in: William B. McGowan, Jr. 66 21 14 101
Scattering 17 13 20 50
Blanks 321 350 380 1051
Total Votes 404 384 414 1202
Water Commission 3 Years (1) Pct.1 Pct. 2 Pct. 3 Pcts. 1, 2 & 
3 Total
Christopher E. Pratt 287 294 316 897
Scattering 1 2 5 8
Blanks 116 88 93 297
Total Votes 404 384 414 1202