Precinct 1 Precinct 2 Precinct 3 Precinct 4 Precinct 5 TOTAL
Moderator  (Vote for not more than One)
Blanks 11 8 13 14 18 64
Carmin C. Reiss 110 121 166 158 138 693
Write-Ins 1 0 0 2 1 4
TOTALS 122 129 179 174 157 761
Select Board (Vote for not more than 2)
Blanks 44 44 56 59 37 240
Terri S. Ackerman 100 107 152 140 131 630
Mary Hartman 99 106 150 148 142 645
Write-Ins 1 1 0 1 4 7
TOTALS 244 258 358 348 314 1522
School Committee (Vote for not more than 2)
Blanks 49 42 65 48 49 253
Alexa Boland Anderson 100 111 149 144 132 636
Cynthia J. Rainey 91 104 143 146 131 615
Write-Ins 4 1 1 10 2 18
TOTALS 244 258 358 348 314 1522
Housing Authority-5 yrs  (Vote for not more than One)
Blanks 14 14 25 21 18 92
Stephanie Chrobak 107 115 154 151 138 665
Write-Ins 1 0 0 2 1 4
TOTALS 122 129 179 174 157 761
Total Registered Voters 2,410 2,894 2,878 3,135 2,733 14050
Precinct Totals 122 129 179 174 157 761
Total Voter Turnout 5.06% 4.46% 6.22% 5.55% 5.74% 5.42%
TOWN OF CONCORD
Annual Town Election
April 12, 2022
Unofficial RESULTS