April 10, 2021 ANNUAL TOWN ELECTION
DEDHAM, MA
Live results as they are entered can be seen  on  zoom https://zoom.us/j/92334937257
SELECT BOARD Pct.1 Pct.2 Pct.3 Pct.4 Pct.5 Pct.6 Pct.7 TOTAL
  Blanks 190 162 132 233 260 273 243 1493
JAMES A. MACDONALD 332 337 275 341 470 446 436 2637
  Write-ins 4 9 6 5 6 7 6 43
TOTAL 526 508 413 579 736 726 685 4173
ASSESSORS Pct.1 Pct.2 Pct.3 Pct.4 Pct.5 Pct.6 Pct.7 TOTAL
  Blanks 222 194 164 268 298 324 279 1749
CHERYL S. SULLIVAN 303 308 249 309 436 400 402 2407
  Write-ins 1 6 0 2 2 2 4 17
TOTAL 526 508 413 579 736 726 685 4173
TOWN CLERK Pct.1 Pct.2 Pct.3 Pct.4 Pct.5 Pct.6 Pct.7 TOTAL
  Blanks 158 147 111 188 218 208 188 1218
PAUL M. MUNCHBACH 367 356 302 390 515 515 493 2938
  Write-ins 1 5 0 1 3 3 4 17
TOTAL 526 508 413 579 736 726 685 4173
SCHOOL COMMITTEE Pct.1 Pct.2 Pct.3 Pct.4 Pct.5 Pct.6 Pct.7 TOTAL
  Blanks 188 223 187 269 329 301 275 1772
VICTOR C. HEBERT, JR. 337 252 197 299 330 420 278 2113
DAWN E. SEIVERS 20 41 25 36 47 55 31 255
REBECCA LYNN GATES 96 155 155 291 286 205 285 1473
CHRISTOPHER J. POLITO 107 241 197 204 319 263 340 1671
KATHLEEN SCHORTMANN 93 102 114 184 207 170 244 1114
MICHAEL EMERY 174 114 62 132 167 166 106 921
CAILEN CAMPBELL MCCORMICK 299 190 163 237 271 331 241 1732
LISA LAPRADE 264 205 139 185 251 266 249 1559
Write-ins 0 1 0 0 1 1 6 9
TOTAL 1578 1524 1239 1837 2208 2178 2055 12619
BOARD OF HEALTH Pct.1 Pct.2 Pct.3 Pct.4 Pct.5 Pct.6 Pct.7 TOTAL
  Blanks 163 89 68 130 103 144 98 795
NOREEN GUILFOYLE 289 356 291 353 479 463 494 2725
GEORGE F. WONS 70 60 53 93 153 112 90 631
Write-ins 4 3 1 3 1 7 3 22
TOTAL 526 508 413 579 736 726 685 4173
PLANNING BOARD Pct.1 Pct.2 Pct.3 Pct.4 Pct.5 Pct.6 Pct.7 TOTAL
  Blanks 241 202 161 286 326 327 291 1834
JAMES E. O'BRIEN, IV 276 296 251 286 402 381 381 2273
Write-ins 9 10 1 7 8 18 13 66
TOTAL 526 508 413 579 736 726 685 4173
TRUSTEES / LIBRARY - 3 YRS Pct.1 Pct.2 Pct.3 Pct.4 Pct.5 Pct.6 Pct.7 TOTAL
  Blanks 106 139 87 157 204 185 198 1076
ANNETTE RAPHEL 323 231 148 237 279 301 253 1772
ROBERT WILLIAM DESMOND 97 136 176 185 249 239 231 1313
Write-ins 0 2 2 0 4 1 3 12
TOTAL 526 508 413 579 736 726 685 4173
TRUSTEES / LIBRARY - 2 YRS Pct.1 Pct.2 Pct.3 Pct.4 Pct.5 Pct.6 Pct.7 TOTAL
  Blanks 528 545 455 694 788 813 767 4590
SHIRIN SHEA BARADARAN 214 223 182 229 350 315 294 1807

April 10, 2021 ANNUAL TOWN ELECTION
DEDHAM, MAROBERT T. TURNER 308 243 189 235 332 320 302 1929
Write-ins 2 5 0 0 2 4 7 20
TOTAL 1052 1016 826 1158 1472 1452 1370 8346
TRUSTEES / LIBRARY - 1 YR Pct.1 Pct.2 Pct.3 Pct.4 Pct.5 Pct.6 Pct.7 TOTAL
  Blanks 594 546 437 655 769 789 746 4536
CRYSTAL POWER 229 240 184 240 341 332 315 1881
BRIAN MB KEANEY 226 226 205 263 360 328 305 1913
Write-ins 3 4 0 0 2 3 4 16
TOTAL 1052 1016 826 1158 1472 1452 1370 8346
COMMISSIONER/TRUST FUNDS Pct.1 Pct.2 Pct.3 Pct.4 Pct.5 Pct.6 Pct.7 TOTAL
  Blanks 555 503 411 638 766 751 683 4307
EMILY REYNOLDS 274 255 204 273 366 357 319 2048
SALVATORE A. SPADA 223 251 210 247 348 342 363 1984
 Write-ins 0 7 1 0 2 2 5 17
TOTAL 1052 1016 826 1158 1482 1452 1370 8356
PARK & REC. COMMISSION Pct.1 Pct.2 Pct.3 Pct.4 Pct.5 Pct.6 Pct.7 TOTAL
  Blanks 318 263 224 355 411 453 353 2377
MONA SALTALAMACCHIA 225 255 170 208 270 236 247 1611
LISA FARNHAM 389 265 199 335 423 415 379 2405
CHUCK DELLOIACONO 120 232 231 260 368 345 388 1944
Write-ins 0 1 2 0 0 3 3 9
TOTAL 1052 1016 826 1158 1472 1452 1370 8346
HOUSING AUTHORITY Pct.1 Pct.2 Pct.3 Pct.4 Pct.5 Pct.6 Pct.7 TOTAL
  Blanks 260 209 164 276 311 336 302 1858
JOHN G. WAGNER 266 292 248 303 422 390 380 2301
Write-ins 0 7 1 0 3 0 3 14
TOTAL 526 508 413 579 736 726 685 4173
TOWN MEETING MEMBERS - PCT.1 
Three Years Pct.1 TOTAL
  Blanks 3491 3491
MARIE-LOUISE KEHOE 306 1 306
HOPE C. MCDERMOTT 298 2 298
ELIZABETH B. EMERY 280 3 280
FRED H. WOFFORD, JR. 262 4 262
FREDERICK T. CIVIAN 252 5 252
SUSAN S. HICKS 248 6 248
MARTHA A. ABDELLA 245 7 245
BETHANY LH GAUTHIER 229 8 229
RITA F. CHAPDELAINE 226 9 226
AMY B. PAXSON 221 10 221
DIANE DIBIASIO 199 11 199
ALEXANDER KING LEITH 193 12 193
PATRICIA B. HORNBLOWER 173 13 173
ANDREA M. MCELLIGOTT 113 14 113
CHRISTINE NANCY KRETOWICZ 96 15 96
Write-ins 6 6
TOTAL 6838 6838
TOWN MEETING MEMBER - PCT.1 
Two Years Pct.1 TOTAL

April 10, 2021 ANNUAL TOWN ELECTION
DEDHAM, MA  Blanks 173 173
CARLA M. FOLEY 118 118
LAUREN PERNA 235 235
Write-ins 0 0
TOTAL 526 526
TOWN MEETING MEMBERS - PCT.2 
Three Years Pct.2 TOTAL
  Blanks 3470 3470
ANTHONY P. JUJU MUCCIACCIO, JR. 275 1 275
NANCY J. CLEMENT 268 2 268
NEIL F. CRONIN, JR. 237 3 237
PAUL D. PODOLSKI 219 4 219
MARTHA N. PODOLSKI 199 5 199
ELLEN L. BURNS 195 6 195
LEAH M. KANE 191 7 191
LISA KRISTEN MURPHY 183 8 183
JUDITH A. PIAZZA 173 9 173
JANET F. SEBAGO 167 10 167
DANIEL W. MURPHY 161 11 161
MAURICE C. BURNS 159 12 159
JEREMIAH PETER DONOHUE 158 13 158
JASON SULLIVAN 148 14 148
FREDERICK J. ROSS 139 15 139
DAVID B. ENGDAHL 138 16 138
CAROLYN A. JENKINS 113 17 113
Write-ins 11 11
TOTAL 6604 6604
TOWN MEETING MEMBER - PCT.2 
Two Years Pct.2 TOTAL
  Blanks 269 269
DANIEL PAUL MONGEON 236 236
Write-ins 3 3
TOTAL 508 508
TOWN MEETING MEMBERS - PCT.3 Pct.3 TOTAL
  Blanks 2514 2514
RITA MAE C. CUSHMAN 241 1 241
LLOYD LEON CUSHMAN 207 2 207
DEANA L. DELLO IACONO 195 3 195
JOSEPH A. DINEEN 171 4 171
MAUREEN L. TETI 171 5 171
KELLY CHAFFEE 165 6 165
JOE L. HEISLER 162 7 162
THERESA C. O'CONNOR-HEISLER 161 8 161
FREDERICK C. MATTHIES 152 9 152
CHARLES K. KRUEGER 148 10 148
LISA TEEHAN O'BRIEN 148 11 148
JEAN CONNALLY 137 12 137
DAVID J. RICCI 133 13 133
MARTIN G. HANLEY 130 14 130

April 10, 2021 ANNUAL TOWN ELECTION
DEDHAM, MASTEPHEN D. HEASLIP 121 15 121
PINA M. REDA 120 16 120
ERIK J. MEYER-CURLEY 114 17 114
KENNETH PAUL GILCHRIST 109 18 109
FRANCIS ATIAH MALTIBY 66 19 66
Write-ins 1 1
TOTAL 5366 5366
TOWN MEETING MEMBERS - PCT.4  
Three Years Pct.4 TOTAL
  Blanks 4938 4938
ROBERT A. SCHORTMANN 252 1 252
KEVIN F. HAMPE 246 2 246
CYNTHIA A. GLENNON 206 3 206
DAWN E. SEIVERS 203 4 203
KATHARINE R. PRIVERT 202 5 202
JASON M. MAHER 200 6 200
JAMES S. DRISCOLL 199 7 199
ROBERT P. ZAHKA, JR. 194 8 194
ROBERT L. BLACK 183 9 183
ROSA S. TEDESCHI 179 10 179
RYAN CLARENCE SEIVERS 176 11 176
BRAD BAUER 173 12 173
F. P. BASS 167 13 167
Write-ins 9 9
TOTAL 7527 7527
TOWN MEETING MEMBER - PCT.4 
Two Years Pct.4 TOTAL
  Blanks 325 325
ZEYNEP ISVAN 252 252
Write-ins 2 2
TOTAL 579 579
TOWN MEETING MEMBERS - PCT.4 
One Year Pct.4 TOTAL
  Blanks 700 700
JON E. LAWLESS 215 215
BETSYANN MALLEY 241 241
Write-ins 2 2
TOTAL 1158 1158
TOWN MEETING MEMBERS - PCT.5 
Three Years Pct.5 TOTAL
  Blanks 5951 5951
DOREEN PACHECO LABRECQUE 283 1 283
GEMMA W. MARTIN 282 2 282
JAMES MAHER 281 3 281
KATHERINE R. CASEY 276 4 276
JOHN J. TIGHE 275 5 275
MONICA LINARI 268 6 268
DIANE MCLEISH 267 7 267

April 10, 2021 ANNUAL TOWN ELECTION
DEDHAM, MAJOANNE KEAVENEY 259 8 259
KERRY ANN HAWKINS 253 9 253
FRANCIS J. BOLOTTE, JR. 245 10 245
ROSEMARY H. ROONEY 243 11 243
DANIELLE JUSTINE DELUCA 240 12 240
CHRISTOPHER KELLY 226 13 226
CARLENE A. CAMPBELL-HEGARTY 212 14 212
Write-ins 5 5
TOTAL 9566 9566
TOWN MEETING MEMBER - PCT.5 
Two Years Pct.5 TOTAL
  Blanks 294 294
PAMELA A. HOEY 265 265
CHRISTI G. GORELLI 177 177
Write-ins 0 0
TOTAL 736 736
TOWN MEETING MEMBERS - PCT.6 
Three Years Pct.6 TOTAL
  Blanks 5767 5767
CHERYLANN W. SHEEHAN 355 1 355
CATRELL BOOKER HOBAN 335 2 335
NICOLE P. MUNCHBACH 319 3 319
SHARNA SMALL BORSELLINO 312 4 312
JOSEPH C. BORSELLINO 293 5 293
AMY M. HAELSEN 284 6 284
ROBERTA LAWLOR 253 7 253
ANDREW LAWLOR 249 8 249
PATRICK JAMES MAGEE 232 9 232
KALEE POLITO 231 10 231
THOMAS J. HEALY 221 11 221
MARIANNE TUOHY 202 12 202
ROBERT J. FISH 199 13 199
MARK HOEFFLER 179 14 179
Write-ins 7 7
TOTAL 9438 9438
TOWN MEETING MEMBERS - PCT.6 
Two Years Pct.6 TOTAL
  Blanks 218 218
NANCY LALLY CARROLL 290 290
JUSTIN A. HUMPHREYS 215 215
Write-ins 0 0
TOTAL 723 723
TOWN MEETING MEMBERS - PCT.6 
One Year Pct.6 TOTAL
  Blanks 1147 1147
MICAH H. FLYNN 275 275
MARIANNE C. KOKINIS 192 192
JULIETTE R. BYRNES 255 255
ANN F. STEPHENS 306 306

April 10, 2021 ANNUAL TOWN ELECTION
DEDHAM, MAWrite-ins 3 3
TOTAL 2178 2178
TOWN MEETING MEMBERS - PCT.7 Pct.7 TOTAL
  Blanks 5492 5492
MARY ELLEN MCDONOUGH 1 334 334
THOMAS R. POLITO, JR. 2 250 250
PETER A. ZAHKA, II 3 242 242
JAY A. TANNETTA 4 241 241
CAMILLE S. ZAHKA 5 239 239
STEPHEN M. MACDOUGALL 6 231 231
CHERYL A. SCHOENFELD 7 228 228
MARGUERITE E. POLITO 8 222 222
LISA MACKINNON 9 215 215
BERNADETTE RYAN 10 214 214
KATHRYN A. MCLAUGHLIN 11 178 178
MICHAEL J. MCSHEA 12 171 171
JAYME L. DRZEWINSKI 13 167 167
TRACY HR. FORBES 14 166 166
CHRISTOPHER R. FADDEN 15 164 164
MICHAEL A. KANE 16 149 149
Write-ins 2 2
TOTAL 8905 8905