                Town of Dennis                        # of Eligible Voters =  13,406
                                   Total Tally Sheet                                    Total Votes Cast = 2,687
Official % of Voters 20.04%
          Annual Town Election Totals
PRECINCT 1 2 3 4 5 Total 
Votes 
Cast
Grand
 Total
OFFICES/CANDIDATES
Number of Voters by Precinct 2832 2955 2334 2829 2456
Total Votes Cast 801 774 232 475 405 2687
Percentage By Precinct 28.28% 26.19% 9.94% 16.79% 16.49%  
Select Board-3 Years
    Blanks 512 499 163 310 252 1736
Christopher Lambton 665 579 169 362 340 2115
James William Plath, Jr. 414 461 123 272 214 1484
  All Others 11 9 9 6 4 39
          Total 1602 1548 464 950 810 5374
Town Moderator- 3 Years
    Blanks 38 39 4 10 17 108
Robert Charles Chamberlain 336 320 105 217 189 1167
William L. Carmichael 422 414 122 248 197 1403
  All Others 5 1 1 0 2 9
          Total 801 774 232 475 405 2687
Constable- 3 Years
    Blanks 1811 1758 519 1064 918 6070
Gerald M. DeSalvatore 587 553 176 358 290 1964
W/I Korrin Dean 1 2 0 1 0 4
W/I Timothy Bunce 0 2 0 0 0 2
  All Others 4 7 1 2 7 21
          Total 2403 2322 696 1425 1215 8061
D-Y Regional School Committee - 3 
Years
    Blanks 178 202 59 101 93 633
Jeni A. Landers 620 570 173 373 307 2043
  All Others 3 2 0 1 5 11
          Total 801 774 232 475 405 2687
Old Kings Highway Regional 
Historic District Commissioner-4 
Years    Blanks 204 216 81 501
James M. Pazakis, Jr. 597 558 266 1421
  All Others 0 0 2 2
          Total 801 774 349 1924
*Prec. 5 is a split precinct: -349 Voters
 received an OKH Ballot, 56 Received a non-OKH Ballot*
ATE May 13, 2025

Water District Commissioner - 3 
Years
    Blanks 212 212 51 130 118 723
Robert Michael Perry 584 562 179 344 284 1953
  All Others 5 0 2 1 3 11
          Total 801 774 232 475 405 2687
Water District Commissioner-1 
Year
    Blanks 12 11 7 7 8 45
Diane Theresa Chamberlain 206 223 101 193 147 870
Joseph P. Walker, II 583 539 124 275 249 1770
  All Others 0 1 0 0 1 2
          Total 801 774 232 475 405 2687
Question 1
    Blanks 91 60 18 24 19 212
Yes 468 488 125 283 243 1607
No 242 226 89 168 143 868
          Total 801 774 232 475 405 2687
Question 2
    Blanks 47 40 16 25 21 149
Yes 394 371 97 226 200 1288
No 360 363 119 224 184 1250
          Total 801 774 232 475 405 2687
Question 3
    Blanks 37 40 11 20 15 123
Yes 589 551 162 360 298 1960
No 175 183 59 95 92 604
          Total 801 774 232 475 405 2687
Question 4
    Blanks 88 60 18 37 38 241
Yes 440 450 141 282 231 1544
No 273 264 73 156 136 902
          Total 801 774 232 475 405 2687
Public Advisory Question
    Blanks 63 41 19 31 35 189
Yes 664 657 191 390 327 2229
No 74 76 22 54 43 269
          Total 801 774 232 475 405 2687