                Town of Dennis                        # of Eligible Voters =  13,098
                                   Total Tally Sheet                                    Total Votes Cast = 2,016
Official % of Voters 15.39%
          Annual Town Election Totals
PRECINCT 1 2 3 4 5 Total 
Votes Cast
Grand
 Total
OFFICES/CANDIDATES
Number of Voters by Precinct 2788 2883 2281 2752 2394
Total Votes Cast 476 544 257 389 350 2016
Percentage By Precinct 17.07% 18.87% 11.27% 14.14% 14.62%  
Select Board-3 Years
    Blanks 102 112 39 53 51 357
John William Terrio 362 423 214 324 288 1611
Wayne Bergeron 4 2 0 0 0 6
  All Others 8 7 4 12 11 42
          Total 476 544 257 389 350 2016
Town Clerk- 3 Years
    Blanks 48 42 21 38 22 171
Theresa T. Bunce 426 502 233 349 327 1837
  All Others 2 0 3 2 1 8
          Total 476 544 257 389 350 2016
D-Y Regional School Committee - 3 
Years
    Blanks 85 74 32 63 63 317
John E. New 389 467 224 323 285 1688
  All Others 2 3 1 3 2 11
          Total 476 544 257 389 350 2016
Old Kings Highway Regional Historic 
District Commissioner-4 Years
    Blanks 96 112 52 260
William E. Bohlin 375 426 235 1036
  All Others 5 6 4 15
          Total 476 544 291 1311
*Prec. 5 is a split precinct: 291 Voters
 received an OKH Ballot, 59 Received a non-OKH Ballot*
ATE May 14, 2024

Water District Commissioner - 3 Years
    Blanks 15 28 6 18 19 86
Paul Richard McCormick 259 295 155 232 161 1102
Robert G. Mezzadri 113 106 67 93 81 460
Kent Morgan Sargent 89 113 29 44 88 363
  All Others 0 2 0 2 1 5
          Total 476 544 257 389 350 2016
Water District Moderator-3 Years
    Blanks 76 75 32 55 50 288
William Bradford Crowell 397 469 225 333 299 1723
  All Others 3 0 0 1 1 5
          Total 476 544 257 389 350 2016
Question
    Blanks 68 58 27 35 52 240
Yes 306 348 173 248 199 1274
No 102 138 57 106 99 502
          Total 476 544 257 389 350 2016