TOTAL # OF REGISTERED VOTERS: 2597 2645 2725 3185 2601 2805 107 2732 3124 2801 25322
PREC. 1 PREC.2 PREC.3 PREC.4 PREC. 5 PREC.6 PREC. 6A PREC. 7 PREC. 8 PREC. 9 TOTAL VOTE:
SELECTMEN
JENNIFER L. KOPCINSKI 88 109 123 107 76 78 9 62 169 109 930
TONY ARCHINSKI 99 88 110 148 121 90 3 59 153 103 974
DONALD K. PLUMMER 89 129 194 148 129 102 13 89 220 123 1236
BLANKS 40 60 85 59 58 50 7 54 102 63 578
WRITE-INS 0 0 0 0 0 0 0 0 0 0 0
TOTAL 316 386 512 462 384 320 32 264 644 398 3718
         
SCHOOL COMMITTEE
ALLISON L. VOLPE 96 101 116 137 111 85 8 55 172 102 983
ALLISON STILIAN 57 86 112 83 70 62 6 75 133 91 775
LINDA M. TROUVILLE 121 132 183 175 137 117 10 72 226 134 1307
BLANKS 42 67 101 67 66 56 8 62 113 71 653
WRITE-INS 0 0 0 0 0 0 0 0 0 0 0
TOTAL 316 386 512 462 384 320 32 264 644 398 3718
DRACUT HOUSING AUTHORITY
TOM BOMIL 145 153 207 183 153 129 15 99 252 157 1493
BLANKS 13 40 49 48 39 31 1 33 70 42 366
WRITE-INS 0 0 0 0 0 0 0 0 0 0 0
TOTAL 158 193 256 231 192 160 16 132 322 199 1859
TRUSTEE OF THE PUBLIC LIBRARY
ANDREA E. GRANDE 131 142 185 182 138 110 10 90 233 142 1363
MARIETTA M. PAQUETTE 132 150 205 190 155 131 11 98 249 146 1467
BLANKS 53 94 122 90 91 79 11 76 162 110 888
WRITE-INS 0 0 0 0 0 0 0 0 0 0 0
TOTAL 316 386 512 462 384 320 32 264 644 398 3718
TOWN OF DRACUT  ELECTION   -   MAY 3, 2025
OFFICIAL RESULTS

MODERATOR
BRIAN FLAHERTY 135 149 184 176 143 125 10 94 238 145 1399
BLANKS 23 44 72 55 49 35 6 38 84 54 460
WRITE-INS 0 0 0 0 0 0 0 0 0 0 0
TOTAL 158 193 256 231 192 160 16 132 322 199 1859
A TRUE COPY ATTEST:  
JAYNE BOISSONNEAULT, DRACUT TOWN CLERK