 
Total 
Precinct 
1
Total 
Precinct 
2
Total 
Precinct 
3
Total 
Precinct 
4
Total 
Precinct 
5
Total 
Precinct 
6 Total
SELECT BOARD               
(Vote for 2)        
Cynthia Ladd Fiorini 220 182 188 199 181 179 1149
Fernando Guitart 217 192 178 201 172 173 1133
Write-in 6 6 2 3 4 2 23
Blanks 89 100 66 61 53 56 425
Total 532 480 434 464 410 410 2730
ASSESSOR
Linda M Collari 215 186 192 200 174 173 1140
Write-in 1 1 0 1 0 0 3
Blanks 50 53 25 31 31 32 222
Total 266 240 217 232 205 205 1365
SCHOOL COMMITTEE 
Kathryn S Marshall 152 121 138 146 142 149 848
James E Mehegan 90 90 69 70 47 42 408
Write-in 0 0 1 0 1 0 2
Blank 24 29 9 16 15 14 107
Total 266 240 217 232 205 205 1365
PLANNING BOARD         
(Vote for 2)
Glenn Lincoln Carle 41 35 32 31 25 26 190
Robert Taggart Carpenter 124 112 88 88 95 94 601
Douglas John Carver 45 32 36 34 34 41 222
Steve Michael Gandt 78 61 68 93 69 64 433
Matthew David Ray 71 69 45 68 58 53 364
Lauren F Sirois 95 83 99 83 74 79 513
Write-in 3 1 1 2 2 2 11
Write-in 0 0 0 0 0 0 0
Blank 75 87 65 65 53 51 396
Total 532 480 434 464 410 410 2730
LIBRARY TRUSTEE -              
3 Year Term  (Vote for 2)  
Martha Dennison 227 193 193 205 181 180 1179
Lester Lloyd 219 186 181 196 173 176 1131
Write-in 3 2 1 0 0 0 6
Write-in 0 0 0 0 0 0 0
Blank 83 99 59 63 56 54 414
Total 532 480 434 464 410 410 2730
LIBRARY TRUSTEE -           2 
Year Unexpired Term
Cathleen Mary Seaman 226 185 190 208 179 177 1165
Write-in 1 2 1 1 0 2 7
Blank 39 53 26 23 26 26 193
Total 266 240 217 232 205 205 1365
ANNUAL TOWN ELECTION
March 23, 2024
Lt. Timothy Steele Athletic Building
130 Saint George Street
OFFICIAL RESULTS