 Total 
Precinct 1
Total 
Precinct 2
Total 
Precinct 3
Total 
Precinct 4
Total 
Precinct 5
Total 
Precinct 6 Total
SELECTBOARD        
Amy M MacNab 602 551 540 510 552 435 3190
Write-in 15 8 9 7 16 0 55
Blanks 182 211 153 169 155 121 991
Total 799 770 702 686 723 556 4236
ASSESSOR
James Gilbert MacNab 585 541 522 511 538 429 3126
Write-in 9 8 6 3 7 4 37
Blanks 205 221 174 172 178 123 1073
Total 799 770 702 686 723 556 4236
MODERATOR
James S Hartford 603 579 536 524 540 434 3216
Write-in 7 5 2 3 5 2 24
Blanks 189 186 164 159 178 120 996
Total 799 770 702 686 723 556 4236
TOWN CLERK
Susan C Kelley 619 599 549 544 560 458 3329
Write-in 3 1 1 2 7 1 15
Blanks 177 170 152 140 156 97 892
Total 799 770 702 686 723 556 4236
SCHOOL COMMITTEE - Vote 
for 2
Laurel B Deacon 495 479 468 452 488 366 2748
Jennifer Robin Weedon 516 460 443 458 495 381 2753
Write-in 17 6 7 5 5 5 45
Blanks 570 595 486 457 458 360 2926
Total 1598 1540 1404 1372 1446 1112 8472
PLANNING BOARD - 5 YR
Matthew David Ray 546 521 498 501 527 410 3003
Write-in 6 4 5 1 5 0 21
Blanks 247 245 199 184 191 146 1212
Total 799 770 702 686 723 556 4236
PLANNING BOARD - 2 year 
unexpired term        
Steven Michael Gandt 565 520 506 516 534 409 3050
Write-in 5 3 5 0 6 1 20
Blank 229 247 191 170 183 146 1166
Total 799 770 702 686 723 556 4236
LIBRARY TRUSTEE -              3 
Year Term  (Vote for 2)  
Edith Christine Barnes 550 492 463 465 500 374 2844
Lalitha B R Krishnan 527 485 468 451 485 385 2801
Write-in 5 2 4 2 5 0 18
Blank 516 561 469 454 456 353 2809
Total 1598 1540 1404 1372 1446 1112 8472
DUXBURY HOUSING AUTH
Philip J. Burns, Jr 4 0 0 0 1 1 6
Pauline Flynn 1 10 3 0 1 1 16
Thomas Symington 0 3 2 0 2 0 7
Ling Wong 0 3 7 5 0 4 19
Write-in 32 22 18 28 31 12 143
Blank 762 732 672 653 688 538 4045
Total 799 770 702 686 723 556 4236
QUESTION 1 - LEVY LIMIT OVERRIDE (G.L. c. 59, § 21C(g)):
Yes 333 335 383 360 328 275 2014
No 462 435 316 325 394 280 2212
Blank 4 0 3 1 1 1 10
Total 799 770 702 686 723 556 4236
Early/Vote by Mail (VBM) totals 227 199 235 155 163 217 1196
Early VBM ballots accepted 158 129 162 109 108 133 799
Early VBM ballots rejected 13 10 9 4 7 13 56
Early VBM ballots not returned 56 60 64 42 48 71 341
In-person Early Voting total 184 195 175 155 142 113 964
Total ballots cast early 1,763 42%
Total ballots cast election day 2,473 58%
Shall the Town of Duxbury be allowed to assess an additional $5,800,000 in real estate and personal property taxes for the purposes 
of funding the operating budgets of the Town and the Public Schools for the fiscal year beginning July 1, 2025?
ANNUAL TOWN ELECTION
March 22, 2025
Lt. Timothy Steele Athletic Building - 130 Saint George Street
OFFICIAL RESULTS