 
OFFICIAL RESULTS    OFFICIAL 
RESULTS   OFFICIAL RESULTS 
OFFICIAL RESULTS  
 ANNUAL TOWN ELECTION MAY 18, 2024  
  PRE I PRE II PRE III PRE IV TOTAL  
 SELECT BOARD 3 YRS            
 CAROLE A. JULIUS 168 198 216 194 776  
 ALL OTHERS 0 3 2 2 7  
 BLANKS 26 39 49 29 143  
 TOTAL 194 240 267 225 926  
              
 TOWN CLERK 3 YRS            
 KATHLEEN J. CAVANAGH 163 205 228 206 802  
 ALL OTHERS 0 0 0 0 0  
 BLANKS 31 35 39 19 124  
 TOTAL 194 240 267 225 926  
              
 ASSESSOR 3 YRS            
 DAVID L. PHILLIPS 152 186 214 182 734  
 ALL OTHERS 0 0 0 0 0  
 BLANKS 42 54 53 43 192  
 TOTAL 194 240 267 225 926  
              
 ASSESSOR 2 YRS            
 SUSAN A. MULLOY 152 187 221 188 748  
 ALL OTHERS 0 0 0 1 1  
 BLANKS 42 53 46 36 177  
 TOTAL 194 240 267 225 926  
              
 SCHOOL COMMITTEE 3 YRS            
 SCOTT F. WALKER 107 110 137 116 470  
 AMY GALLAGHER BERRY 108 127 131 116 482  
 DANIEL A. PICHA 90 147 152 124 513  
 ALL OTHERS 0 0 0 2 2  
 BLANKS 83 96 114 92 385  
 TOTAL 388 480 534 450 1852  
              
 TRUSTEES OF PUBLIC LIBRARY 3YRS          
 JENNIFER ANN LONERGAN 153 180 211 178 722  
 ANNE E. MAREK 143 158 181 163 645  
 ALL OTHERS 0 0 0 0 0  
 BLANKS 92 142 142 109 485  
 TOTAL 388 480 534 450 1852  
              

 BOARD OF HEALTH 3YRS            
 ROB LYONS 151 185 204 180 720  
 ALL OTHERS 0 0 0 0 0  
 BLANKS 43 55 63 45 206  
 TOTAL 194 240 267 225 926  
              
 PLANNING BOARD 3YRS            
 JOHN LAWLOR 145 191 206 176 718  
 MYLES HEGER 3 4 4 0 11  
 ALL OTHERS 8 0 2 0 10  
 BLANKS 232 285 322 274 1113  
 TOTAL 388 480 534 450 1852  
              
 PLANNING BOARD 1YR FAILURE TO ELECT   
 WILLIAM NOLAN 5 0 1 0 6  
 MYLES HEGER 2 1 3 0 6  
 ALL OTHERS 4 6 6 13 29  
 BLANKS 183 233 257 212 885  
 TOTAL 194 240 267 225 926  
              
 HOUSING AUTHORITY 5YRS            
 SANDRA LUDDY ROSS 152 186 217 186 741  
 ALL OTHERS 0 0 0 0 0  
 BLANKS 42 54 50 39 185  
 TOTAL 194 240 267 225 926  
              
 BALLOT QUESTION            
 YES 70 102 116 92 380  
 NO 101 111 119 102 433  
 BLANKS 23 27 32 31 113  
 TOTAL 194 240 267 225 926  
              
 