FITCHBURG MUNICIPAL ELECTION NOVEMBER 4, 2025 UNOFFICIAL RESULTS
Ward 1 
Pct. A
Ward 1 
Pct. B
Ward 2 
Pct. A
Ward 2 
Pct. B
Ward 3 
Pct. A
Ward 3 
Pct. B
Ward 4 
Pct. A
Ward 4 
Pct. B
Ward 5 
Pct. A
Ward 5 
Pct. B
Ward 6 
Pct. A
Ward 6 
Pct. B
EV 
Ward 1 
Pct. A
EV 
Ward 1 
Pct. B
EV 
Ward 2 
Pct. A
EV 
Ward 2 
Pct. B
EV 
Ward 3 
Pct. A
EV 
Ward 3 
Pct. B
EV 
Ward 4 
Pct. A
EV 
Ward 4 
Pct. B
EV 
Ward 5 
Pct. A
EV 
Ward 5 
Pct. B
EV 
Ward 6 
Pct. A
EV 
Ward 6 
Pct. B TOTAL
MAYOR
SAMANTHA M. SQUAILIA 125 192 127 251 448 308 154 139 347 99 213 126 58 39 50 72 159 74 36 53 132 48 107 34 3391
Write-in votes 18 40 21 34 81 69 23 31 71 19 34 22 3 5 2 6 14 2 2 3 17 0 7 6 530
Blank votes 23 41 26 32 78 60 30 22 64 8 49 17 5 5 2 8 25 12 11 3 22 6 17 4 570
Total 166 273 174 317 607 437 207 192 482 126 296 165 66 49 54 86 198 88 49 59 171 54 131 44 4491
Ward 1 
Pct. A
Ward 1 
Pct. B
Ward 2 
Pct. A
Ward 2 
Pct. B
Ward 3 
Pct. A
Ward 3 
Pct. B
Ward 4 
Pct. A
Ward 4 
Pct. B
Ward 5 
Pct. A
Ward 5 
Pct. B
Ward 6 
Pct. A
Ward 6 
Pct. B
EV 
Ward 1 
Pct. A
EV 
Ward 1 
Pct. B
EV 
Ward 2 
Pct. A
EV 
Ward 2 
Pct. B
EV 
Ward 3 
Pct. A
EV 
Ward 3 
Pct. B
EV 
Ward 4 
Pct. A
EV 
Ward 4 
Pct. B
EV 
Ward 5 
Pct. A
EV 
Ward 5 
Pct. B
EV 
Ward 6 
Pct. A
EV 
Ward 6 
Pct. B TOTAL
COUNCILLOR AT LARGE
SALLY H. CRAGIN 90 154 100 201 354 253 130 127 291 64 152 100 41 27 37 56 145 60 32 47 107 30 86 30 2714
AMY L. GREEN 100 189 110 192 347 236 114 117 291 69 178 94 44 29 32 52 126 57 26 38 93 34 88 25 2681
ELIZABETH R. WALSH 88 142 100 159 288 221 122 117 277 78 182 105 39 26 34 49 111 52 33 43 90 30 87 34 2507
ANTHONY M. ZARRELLA 98 171 93 193 358 231 147 103 300 71 195 98 40 32 31 58 120 52 36 40 92 30 94 21 2704
CHRISTOPHER BATINSEY 37 38 26 48 63 64 24 27 72 24 35 26 18 5 9 11 28 13 4 11 28 13 21 4 649
ANNIE LOUISE BELMER 52 78 49 83 144 127 58 64 120 45 82 51 29 27 16 40 53 31 9 17 61 25 47 16 1324
BRIAN DAVID LIPOMI 53 69 41 73 163 136 62 39 160 39 69 41 14 10 9 18 65 23 16 14 30 9 21 8 1182
KEVIN T. STARR 70 109 61 122 217 148 107 75 199 42 122 51 21 21 11 30 67 23 25 21 66 14 39 9 1670
ROBERT J. TALBOT 35 53 30 59 94 86 33 34 96 24 58 26 15 15 11 14 38 21 9 16 39 13 30 6 855
Write-in votes 2 17 4 4 14 23 9 13 23 7 17 11 2 0 1 1 5 0 0 0 5 0 2 0 160
Blank votes 205 345 256 451 993 660 229 244 581 167 390 222 67 53 79 101 232 108 55 48 244 72 140 67 6009
Total 830 1365 870 1585 3035 2185 1035 960 2410 630 1480 825 330 245 270 430 990 440 245 295 855 270 655 220 22455
Ward 1 
Pct. A
Ward 1 
Pct. B
Ward 2 
Pct. A
Ward 2 
Pct. B
Ward 3 
Pct. A
Ward 3 
Pct. B
Ward 4 
Pct. A
Ward 4 
Pct. B
Ward 5 
Pct. A
Ward 5 
Pct. B
Ward 6 
Pct. A
Ward 6 
Pct. B
EV 
Ward 1 
Pct. A
EV 
Ward 1 
Pct. B
EV 
Ward 2 
Pct. A
EV 
Ward 2 
Pct. B
EV 
Ward 3 
Pct. A
EV 
Ward 3 
Pct. B
EV 
Ward 4 
Pct. A
EV 
Ward 4 
Pct. B
EV 
Ward 5 
Pct. A
EV 
Ward 5 
Pct. B
EV 
Ward 6 
Pct. A
EV 
Ward 6 
Pct. B TOTAL
COUNCILLOR - WARD ONE
BERNARD J. SCHULTZ, III 125 212 53 42 432
Write-in votes 14 20 3 2 39
Blank votes 27 41 10 5 83
Total 166 273 66 49 554

FITCHBURG MUNICIPAL ELECTION NOVEMBER 4, 2025 UNOFFICIAL RESULTS
Ward 1 
Pct. A
Ward 1 
Pct. B
Ward 2 
Pct. A
Ward 2 
Pct. B
Ward 3 
Pct. A
Ward 3 
Pct. B
Ward 4 
Pct. A
Ward 4 
Pct. B
Ward 5 
Pct. A
Ward 5 
Pct. B
Ward 6 
Pct. A
Ward 6 
Pct. B
EV 
Ward 1 
Pct. A
EV 
Ward 1 
Pct. B
EV 
Ward 2 
Pct. A
EV 
Ward 2 
Pct. B
EV 
Ward 3 
Pct. A
EV 
Ward 3 
Pct. B
EV 
Ward 4 
Pct. A
EV 
Ward 4 
Pct. B
EV 
Ward 5 
Pct. A
EV 
Ward 5 
Pct. B
EV 
Ward 6 
Pct. A
EV 
Ward 6 
Pct. B TOTAL
COUNCILLOR - WARD TWO
PAUL R. BEAUCHEMIN 78 205 35 47 365
SCOTT MICHAEL ENGLUND 76 84 17 35 212
Write-in votes 8 10 0 2 20
Blank votes 12 18 2 2 34
Total 174 317 54 86 631
Ward 1 
Pct. A
Ward 1 
Pct. B
Ward 2 
Pct. A
Ward 2 
Pct. B
Ward 3 
Pct. A
Ward 3 
Pct. B
Ward 4 
Pct. A
Ward 4 
Pct. B
Ward 5 
Pct. A
Ward 5 
Pct. B
Ward 6 
Pct. A
Ward 6 
Pct. B
EV 
Ward 1 
Pct. A
EV 
Ward 1 
Pct. B
EV 
Ward 2 
Pct. A
EV 
Ward 2 
Pct. B
EV 
Ward 3 
Pct. A
EV 
Ward 3 
Pct. B
EV 
Ward 4 
Pct. A
EV 
Ward 4 
Pct. B
EV 
Ward 5 
Pct. A
EV 
Ward 5 
Pct. B
EV 
Ward 6 
Pct. A
EV 
Ward 6 
Pct. B TOTAL
COUNCILLOR - WARD THREE
ANDREW J. COUTURE 262 172 76 24 534
JOSEPH S. BOWEN, JR. 324 258 119 59 760
Write-in votes 3 2 1 1 7
Blank votes 18 5 2 4 29
Total 607 437 198 88 1330
Ward 1 
Pct. A
Ward 1 
Pct. B
Ward 2 
Pct. A
Ward 2 
Pct. B
Ward 3 
Pct. A
Ward 3 
Pct. B
Ward 4 
Pct. A
Ward 4 
Pct. B
Ward 5 
Pct. A
Ward 5 
Pct. B
Ward 6 
Pct. A
Ward 6 
Pct. B
EV 
Ward 1 
Pct. A
EV 
Ward 1 
Pct. B
EV 
Ward 2 
Pct. A
EV 
Ward 2 
Pct. B
EV 
Ward 3 
Pct. A
EV 
Ward 3 
Pct. B
EV 
Ward 4 
Pct. A
EV 
Ward 4 
Pct. B
EV 
Ward 5 
Pct. A
EV 
Ward 5 
Pct. B
EV 
Ward 6 
Pct. A
EV 
Ward 6 
Pct. B TOTAL
COUNCILLOR - WARD FOUR
ANDREW J. VAN HAZINGA 147 106 37 46 336
LEWIS E. CHAMBERLAIN 48 73 9 13 143
Write-in votes 0 6 0 0 6
Blank votes 12 7 3 0 22
Total 207 192 49 59 507
Ward 1 
Pct. A
Ward 1 
Pct. B
Ward 2 
Pct. A
Ward 2 
Pct. B
Ward 3 
Pct. A
Ward 3 
Pct. B
Ward 4 
Pct. A
Ward 4 
Pct. B
Ward 5 
Pct. A
Ward 5 
Pct. B
Ward 6 
Pct. A
Ward 6 
Pct. B
EV 
Ward 1 
Pct. A
EV 
Ward 1 
Pct. B
EV 
Ward 2 
Pct. A
EV 
Ward 2 
Pct. B
EV 
Ward 3 
Pct. A
EV 
Ward 3 
Pct. B
EV 
Ward 4 
Pct. A
EV 
Ward 4 
Pct. B
EV 
Ward 5 
Pct. A
EV 
Ward 5 
Pct. B
EV 
Ward 6 
Pct. A
EV 
Ward 6 
Pct. B TOTAL
COUNCILLOR - WARD FIVE
MARISA R. FLEMING 408 102 138 43 691
Write-in votes 8 8 3 1 20
Blank votes 66 16 30 10 122
Total 482 126 171 54 833

FITCHBURG MUNICIPAL ELECTION NOVEMBER 4, 2025 UNOFFICIAL RESULTS
Ward 1 
Pct. A
Ward 1 
Pct. B
Ward 2 
Pct. A
Ward 2 
Pct. B
Ward 3 
Pct. A
Ward 3 
Pct. B
Ward 4 
Pct. A
Ward 4 
Pct. B
Ward 5 
Pct. A
Ward 5 
Pct. B
Ward 6 
Pct. A
Ward 6 
Pct. B
EV 
Ward 1 
Pct. A
EV 
Ward 1 
Pct. B
EV 
Ward 2 
Pct. A
EV 
Ward 2 
Pct. B
EV 
Ward 3 
Pct. A
EV 
Ward 3 
Pct. B
EV 
Ward 4 
Pct. A
EV 
Ward 4 
Pct. B
EV 
Ward 5 
Pct. A
EV 
Ward 5 
Pct. B
EV 
Ward 6 
Pct. A
EV 
Ward 6 
Pct. B TOTAL
COUNCILLOR - WARD SIX
DERRICK J. CRUZ 235 129 116 37 517
Write-in votes 12 9 1 0 22
Blank votes 49 27 14 7 97
Total 296 165 131 44 636
Ward 1 
Pct. A
Ward 1 
Pct. B
Ward 2 
Pct. A
Ward 2 
Pct. B
Ward 3 
Pct. A
Ward 3 
Pct. B
Ward 4 
Pct. A
Ward 4 
Pct. B
Ward 5 
Pct. A
Ward 5 
Pct. B
Ward 6 
Pct. A
Ward 6 
Pct. B
EV 
Ward 1 
Pct. A
EV 
Ward 1 
Pct. B
EV 
Ward 2 
Pct. A
EV 
Ward 2 
Pct. B
EV 
Ward 3 
Pct. A
EV 
Ward 3 
Pct. B
EV 
Ward 4 
Pct. A
EV 
Ward 4 
Pct. B
EV 
Ward 5 
Pct. A
EV 
Ward 5 
Pct. B
EV 
Ward 6 
Pct. A
EV 
Ward 6 
Pct. B TOTAL
SCHOOL COMMITTEE
DR. MARITZA MARIA KNIGHT 71 111 72 123 207 153 83 92 170 61 115 74 37 19 25 36 86 41 6 28 68 21 57 15 1771
ROSEMARY REYNOLDS 74 111 73 111 207 133 78 77 182 51 105 66 20 23 28 35 74 37 14 24 67 14 48 13 1665
PETER V. STEPHENS 63 126 78 143 280 196 103 76 263 54 136 72 28 22 26 38 105 41 31 32 101 28 59 19 2120
ROBERT H. CAMPBELL 77 134 59 131 249 179 90 65 229 51 146 63 33 20 17 34 84 32 21 22 65 16 59 20 1896
ERYNN E. DAYHOFF 62 73 44 122 212 148 71 46 135 28 88 49 19 11 15 32 60 29 14 16 37 18 38 11 1378
DEANNA JEANNE TARDIFF 62 94 53 112 201 149 77 80 168 49 118 57 21 26 11 30 67 28 26 30 49 24 49 14 1595
Write-in votes 4 7 2 3 0 6 1 8 6 2 5 2 0 0 0 0 2 0 0 0 0 0 0 0 48
Blank votes 85 163 141 206 465 347 118 132 293 82 175 112 40 26 40 53 116 56 35 25 126 41 83 40 3000
Total 498 819 522 951 1821 1311 621 576 1446 378 888 495 198 147 162 258 594 264 147 177 513 162 393 132 13473