OFFICIAL RESULTS
ANNUAL TOWN ELECTION
MAY 5, 2025
Registerd Voters:  13, 717
Number Voted:   911
Percent Voted:  7%
PRECINCT #1 #2 #3 #4 #5 TOTAL
MODERATOR FOR THREE YEARS (Vote for ONE)
Francis J. Spillane 117 195 127 159 111 709
Others 0 2 1 2 2 7
Blanks 41 48 38 42 26 195
TOTAL 158 245 166 203 139 911
TOWN CLERK FOR THREE YEARS (Vote for ONE)
Robert E. Cutler, Jr. 129 209 137 176 120 771
Others 0 2 0 1 1 4
Blanks 29 34 29 26 18 136
TOTAL 158 245 166 203 139 911
SELECTMAN FOR THREE YEARS (Vote for TWO)
Mark Steven Elfman 94 147 103 124 91 559
Amy Lynn Labrache 106 159 115 135 92 607
Seth Ferguson 30 38 37 47 28 180
Others 2 5 1 0 1 9
Blanks 84 141 76 100 66 467
TOTAL 316 490 332 406 278 1822
ASSESSOR FOR THREE YEARS (Vote for ONE)
Robert Allen Decker 111 184 118 155 100 668
Others 0 0 1 0 0 1
Blanks 47 61 47 48 39 242
TOTAL 158 245 166 203 139 911
SCHOOL COMMITTEE MEMBER FOR THREE YEARS (Vote for TWO)
Chelsea Caples McCue 94 156 99 108 82 539
Patrick Joseph McGuire 91 150 104 114 85 544
Rob Canfield 51 67 44 65 43 270
Brent Ruter 50 68 59 73 42 292
Others 0 1 0 0 1 2
Blanks 30 48 26 46 25 175
TOTAL 316 490 332 406 278 1822
WATER & SEWER COMMISSIONER FOR THREE YEARS (Vote for ONE)
Robert T. Garber 108 181 127 152 102 670
Others 0 0 0 0 1 1
Blanks 50 64 39 51 36 240
TOTAL 158 245 166 203 139 911
BOARD OF HEALTH MEMBER FOR THREE YEARS (Vote for ONE)
Sophia C. Manos 113 194 131 154 108 700
Others 0 0 0 1 1 2
Blanks 45 51 35 48 30 209
TOTAL 158 245 166 203 139 911
BOYDEN LIBRARY TRUSTEE FOR THREE YEARS (Vote for TWO)
Jennifer V. Ooi 112 168 117 134 94 625
Ashley E. Clement 103 157 106 131 99 596
Nancy Jean Morrison 43 82 48 76 50 299
Others 2 3 0 1 2 8
Blanks 56 80 61 64 33 294
TOTAL 316 490 332 406 278 1822
PLANNING BOARD MEMBER FOR THREE YEARS (Vote for ONE)
Ronald P. Bresse 112 193 130 155 105 695
Others 0 0 0 1 1 2
Blanks 46 52 36 47 33 214
TOTAL 158 245 166 203 139 911