OFFICIAL RESULTS
ANNUAL TOWN ELECTION
Monday, May 6, 2024
Registered Voters  13,410     
Number Voted    2,649                                                      
Percent Voted   20.0%               
PRECINCT #1 #2 #3 #4 #5 TOTAL
SELECTMAN FOR THREE YEARS (Vote for TWO)
Seth Ferguson 166 311 233 250 209 1169
Mildred Mary Cetrone 98 193 119 137 89 636
Deborah A. Giardino 227 376 256 303 245 1407
William F. Yukna 211 391 323 351 292 1568
Others 0 0 3 1 1 5
Blanks 76 125 104 108 100 513
TOTAL 778 1396 1038 1150 936 5298
ASSESSOR FOR THREE YEARS (Vote for ONE)
Lori A. Rudd 272 499 355 415 357 1898
Others 0 2 2 0 0 4
Blanks 117 197 162 160 111 747
TOTAL 389 698 519 575 468 2649
SCHOOL COMMITTEE MEMBER FOR THREE YEARS (Vote for TWO)
Sarah A. LiDonni 216 409 303 314 267 1509
Richard Lee Pearson 126 248 181 210 180 945
Tiye Naeemah Cort Odima 144 240 164 201 134 883
Nathan Urman 210 383 291 309 253 1446
Others 0 3 3 2 0 8
Blanks 82 113 96 114 102 507
TOTAL 778 1396 1038 1150 936 5298
WATER & SEWER COMMISSIONER FOR THREE YEARS (Vote for ONE)
Michael P. Stanton 282 501 370 431 350 1934
Others 0 2 3 0 0 5
Blanks 107 195 146 144 118 710
TOTAL 389 698 519 575 468 2649
BOARD OF HEALTH MEMBER FOR THREE YEARS (Vote for ONE)
Betsy Amahboh Allo 272 490 365 408 336 1871
Others 0 3 2 0 2 7
Blanks 117 205 152 167 130 771
TOTAL 389 698 519 575 468 2649
BOYDEN LIBRARY TRUSTEE FOR THREE YEARS (Vote for TWO)
Sara Elizabeth Halton 280 502 366 419 350 1917
Paul Ivanovskis 15 40 14 17 13 99
Others 8 23 12 20 13 76
Blanks 475 831 646 694 560 3206
TOTAL 778 1396 1038 1150 936 5298
1

OFFICIAL RESULTS
ANNUAL TOWN ELECTION
Monday, May 6, 2024
Registered Voters  13,410     
Number Voted    2,649                                                      
Percent Voted   20.0%               
PRECINCT #1 #2 #3 #4 #5 TOTAL
PLANNING BOARD MEMBER FOR THREE YEARS (Vote for TWO)
Tracey Vasile 252 462 338 401 339 1792
Kevin Paul Weinfeld 256 466 350 398 335 1805
Others 0 3 1 4 4 12
Blanks 270 465 349 347 258 1689
TOTAL 778 1396 1038 1150 936 5298
HOUSING AUTHORITY MEMBER FOR FIVE YEARS (Vote for ONE)
Gregory Paul Spier 266 491 353 406 338 1854
Others 0 1 1 1 2 5
Blanks 123 206 165 168 128 790
TOTAL 389 698 519 575 468 2649
QUESTION 1
YES 183 331 269 272 258 1313
NO 176 323 228 268 191 1186
Blanks 30 44 22 35 19 150
TOTAL 389 698 519 575 468 2649
QUESTION 2
YES 205 381 293 327 278 1484
NO 165 281 207 227 174 1054
Blanks 19 36 19 21 16 111
TOTAL 389 698 519 575 468 2649
QUESTION 3
YES 229 410 309 331 287 1566
NO 135 260 192 221 165 973
Blanks 25 28 18 23 16 110
TOTAL 389 698 519 575 468 2649
2