Franklin Municipal Election November 4, 2025
Nov. 4, 2025 - 
Biennial Local Election
Official Results
Total Registered Voters -26,126 - Total Votes Cast 6,387 - 24.5% Turnout 
BOARD OF ASSESSORS Pct.1 Pct.2 Pct.3 Pct.4 Pct.5 Pct.6 Pct.7 Pct.8 Pct. 9 Total
  Blanks 272 229 283 268 288 250 335 264 139 2328
CHRISTOPHER K. FEELEY 452 353 455 480 511 439 585 421 288 3984
Write-ins 10 6 9 12 11 7 10 5 5 75
Total Votes 734 588 747 760 810 696 930 690 432 6387
BOARD OF HEALTH Pct.1 Pct.2 Pct.3 Pct.4 Pct.5 Pct.6 Pct.7 Pct.8 Pct. 9 Total
  Blanks 399 336 405 454 458 370 478 387 245 3532
Write-ins 331 255 338 305 346 330 449 303 198 2855
Total Votes 730 591 743 759 804 700 927 690 443 6387
PLANNING BOARD Pct.1 Pct.2 Pct.3 Pct.4 Pct.5 Pct.6 Pct.7 Pct.8 Pct. 9 Total
  Blanks 688 560 705 649 716 633 792 651 381 5775
MARK A. MUCCIARONE 431 336 470 441 474 410 566 383 253 3764
ERIC STELTZER 339 266 309 409 417 331 488 340 221 3120
Write-ins 12 9 11 12 13 13 20 10 15 115
Total Votes 1470 1171 1495 1511 1620 1387 1866 1384 870 12774
PLANNING BOARD (ASSOC.) Pct.1 Pct.2 Pct.3 Pct.4 Pct.5 Pct.6 Pct.7 Pct.8 Pct. 9 Total
  Blanks 312 277 338 327 326 301 386 314 168 2749
WILLIAM J. LEE IV 411 305 404 420 479 387 535 373 257 3571
Write-ins 8 6 6 12 4 9 7 3 12 67
Total Votes 731 588 748 759 809 697 928 690 437 6387
SCHOOL COMMITTEE Pct.1 Pct.2 Pct.3 Pct.4 Pct.5 Pct.6 Pct.7 Pct.8 Pct. 9 Total
  Blanks 2177 2056 2633 2382 2396 2095 2585 2067 1352 19743
DAVID C. CALLAGHAN 404 267 343 359 443 391 513 353 231 3304
AL CHARLES 377 240 309 367 376 361 513 354 189 3086
PAUL GRIFFITH 380 237 319 348 431 354 512 333 197 3111
RUTHANN O'SULLIVAN 386 246 325 344 413 375 503 345 216 3153
KP SOMPALLY 318 200 254 315 371 283 416 267 171 2595
1

Franklin Municipal Election November 4, 2025
HENRY REIS HANSEN 357 265 333 377 423 338 484 346 207 3130
STEPHEN KARUNAKARAN 280 253 338 373 362 278 417 307 193 2801
NADIA MAUSOLF 430 296 355 414 441 356 552 443 243 3530
Write-ins 26 22 34 26 26 34 34 28 26 256
Total Votes 5135 4082 5243 5305 5682 4865 6529 4843 3025 44709
TOWN CLERK Pct.1 Pct.2 Pct.3 Pct.4 Pct.5 Pct.6 Pct.7 Pct.8 Pct. 9 Total
  Blanks 225 174 202 183 225 174 252 212 108 1755
NANCY DANELLO 498 411 540 566 580 516 673 471 320 4575
Write-ins 9 4 6 8 7 4 8 7 4 57
Total Votes 732 589 748 757 812 694 933 690 432 6387
TOWN COUNCIL Pct.1 Pct.2 Pct.3 Pct.4 Pct.5 Pct.6 Pct.7 Pct.8 Pct. 9 Total
  Blanks 1646 1467 1865 1578 1889 1598 1792 1429 1031 14295
THEODORE D. CORMIER-LEGER 377 237 313 331 413 331 480 338 184 3004
ROBERT D. DELLORCO 354 237 329 342 385 329 420 309 193 2898
GLENN F. JONES 349 165 234 267 354 311 397 300 157 2534
THOMAS D. MERCER 335 170 243 301 330 307 397 291 158 2532
DEBORAH L. PELLEGRI 259 229 319 274 298 276 338 227 166 2386
PATRICK C. SHERIDAN 300 135 215 259 305 277 359 265 147 2262
BRIAN T. BOSLEY 247 217 248 297 255 214 335 218 153 2184
JANE E. CALLOWAY-TRIPP 308 358 435 419 368 359 470 350 226 3293
GENE P. GRELLA 302 357 432 400 344 305 435 314 203 3092
CAROLINE W. GRIFFITH 430 271 346 431 509 371 574 449 233 3614
MICHAEL E. LEBLANC 395 298 382 436 398 328 540 391 229 3397
STEPHEN G. MALLOY 283 339 414 379 338 294 435 301 200 2983
JOSEPH E. MCGANN 264 292 344 336 277 258 379 264 169 2583
MAXWELL S. MORRONGIELLO 357 210 279 349 386 324 493 349 206 2953
KENNETH U. OJUKWU 378 260 303 410 441 337 524 412 217 3282
Write-ins 26 14 26 21 22 27 28 14 13 191
Total Votes 6610 5256 6727 6830 7312 6246 8396 6221 3885 57483
WRITE-INS BOARD OF HEALTH
***** DIANE DADDARIO -  1980
CHRISTINE MUCCIARONE - 462
BOB MYERS  - 201
2