Franklin Municipal Election November 2, 2021
OFFICIAL RESULTS
Local Biennial Town  Election
11/2/2021
OFFICIAL RESULTS
BOARD OF ASSESSORS Pct.1 Pct.2 Pct.3 Pct.4 Pct.5 Pct.6 Pct.7 Pct.8 Total
  Blanks 243 191 159 212 198 161 249 209 1622
CHRISTOPHER K. FEELEY 514 499 477 568 516 421 644 457 4096
Write-ins 6 2 3 6 5 3 6 5 36
Total Votes 763 692 639 786 719 585 899 671 5754
BOARD OF HEALTH Pct.1 Pct.2 Pct.3 Pct.4 Pct.5 Pct.6 Pct.7 Pct.8 Total
  Blanks 249 202 173 225 185 177 259 200 1670
BRIDGET L. SWEET 508 487 462 555 529 404 635 466 4046
Write-ins 6 3 4 6 5 4 5 5 38
Total Votes 763 692 639 786 719 585 899 671 5754
PLANNING BOARD Pct.1 Pct.2 Pct.3 Pct.4 Pct.5 Pct.6 Pct.7 Pct.8 Total
  Blanks 184 171 150 192 191 194 191 182 1455
JOSEPH F. HALLIGAN, JR. 212 189 189 218 174 145 228 197 1552
ANTHONY D. PADULA 218 212 234 231 215 166 242 183 1701
BETH A. WIERLING 454 411 354 473 426 332 582 399 3431
JENNIFER D. WILLIAMS 455 395 347 456 429 331 554 381 3348
Write-ins 2 5 3 3 4 3 1 0 21
Total Votes 1525 1383 1277 1573 1439 1171 1798 1342 11508
PLANNING BOARD (ASSOC.) Pct.1 Pct.2 Pct.3 Pct.4 Pct.5 Pct.6 Pct.7 Pct.8 Total
  Blanks 737 660 612 755 700 567 867 652 5550
JASON K. MELLO 5 6 1 9 0 6 3 2 32
Write-ins 21 26 26 22 19 12 29 17 172
Total Votes 763 692 639 786 719 585 899 671 5754
SCHOOL COMMITTEE Pct.1 Pct.2 Pct.3 Pct.4 Pct.5 Pct.6 Pct.7 Pct.8 Total
  Blanks 1155 1147 1343 1354 1061 1157 1169 983 9369
JENNIFER L. D'ANGELO 298 290 317 333 299 234 310 249 2330
MARY JANE SCOFIELD 341 312 239 350 333 260 354 298 2487
DENISE SPENCER 494 444 353 475 453 352 631 441 3643
ELISE A. STOKES 502 435 342 465 470 347 638 432 3631
CAMILLE N. BERNSTEIN 414 351 280 390 376 291 566 388 3056
MARK A. BISSON 186 167 177 220 174 140 185 175 1424
DAVID C. CALLAGHAN 394 345 281 400 414 284 516 353 2987
AL CHARLES 426 367 283 397 375 288 534 411 3081
JOHN M. MCCORMACK 223 172 161 222 191 127 207 170 1473
DAVID J. MCNEILL 393 330 262 371 351 250 509 340 2806
DASHE M. VIDEIRA 134 129 127 149 141 113 139 125 1057
MEGHAN L. WHITMORE 374 345 295 382 382 249 529 331 2887
Write-ins 3 2 10 1 15 5 8 3 47
Total Votes 5337 4836 4470 5509 5035 4097 6295 4699 40278
1

Franklin Municipal Election November 2, 2021
OFFICIAL RESULTS
Local Biennial Town  Election
11/2/2021
Biennial Town Election Official Results 11-2-2021 (Cont.)
TOWN CLERK Pct.1 Pct.2 Pct.3 Pct.4 Pct.5 Pct.6 Pct.7 Pct.8 Total
  Blanks 73 49 49 63 62 49 73 63 481
NANCY DANELLO 520 507 470 576 508 423 661 449 4114
LYNNE R. SANTORSOLA 168 135 118 147 146 114 163 159 1150
Write-ins 1 2 1 0 3 0 2 0 9
Total Votes 762 693 638 786 719 586 899 671 5754
TOWN COUNCIL Pct.1 Pct.2 Pct.3 Pct.4 Pct.5 Pct.6 Pct.7 Pct.8 Total
  Blanks 1818 1710 1718 1952 1603 1640 1820 1476 13737
ANDREW M. BISSANTI 236 254 240 296 247 190 300 229 1992
BRIAN M. CHANDLER 461 413 362 473 440 350 586 440 3525
ROBERT D. DELLORCO 501 465 413 503 489 361 630 446 3808
COBI FRONGILLO 534 476 416 537 542 376 702 470 4053
MELANIE J. HAMBLEN 508 439 370 503 472 335 611 451 3689
GLENN F. JONES 484 427 374 477 472 354 620 453 3661
THOMAS D. MERCER 505 425 398 519 494 371 648 452 3812
DEBORAH L. PELLEGRI 494 446 421 489 470 354 617 443 3734
JANE E. CALLAWAY-TRIPP 198 193 189 226 205 160 211 177 1559
THEODORE D. CORMIER-LEGER 435 360 298 413 386 281 559 387 3119
ALAN R. EARLS 250 232 221 264 245 179 236 213 1840
PATRICK C. SHERIDAN 434 384 312 426 397 306 538 395 3192
Write-ins 4 2 13 2 19 6 12 7 65
Total Votes 6862 6226 5745 7080 6481 5263 8090 6039 51786
2