# of Votes Casts:  868
Total # of Voters:      6750
% Voted:   12.86%
      Offices/Candidates PREC 1 PREC 2 PREC 3 Grand Totals Offices/Candidates
SELECTMAN, BOARD OF 
HEALTH & PERSONNEL 
BOARD MEMBER
SELECTMAN, BOARD OF 
HEALTH & PERSONNEL BOARD 
MEMBER
Chad S. Carvalho 74 111 94 279 Chad S. Carvalho
Robert P. Jose 106 90 53 249 Robert P. Jose
Carlos A. Lopes 108 128 80 316 Carlos A. Lopes
Write-in 0 0 0 0 Write-in
Blank 5 14 5 24 Blank
Total 293 343 232 868 Total
ASSESSOR ASSESSOR
Michael J. Motta 228 260 167 655 Michael J. Motta
Write-in 0 0 3 3 Write-in
Blank 65 83 62 210 Blank
Total 293 343 232 868 Total
CEMETERY COMMISSION CEMETERY COMMISSION
Write-in 15 30 14 59 Write-in
Blank 278 313 218 809 Blank
Total 293 343 232 868 Total
FINANCE COMMITTEE (vote for 3) FINANCE COMMITTEE 
Katie L. Calheta 203 242 151 596 Katie L. Calheta
Emily Anne Dors 196 215 147 558 Emily Anne Dors
Margaret M. French 209 217 156 582 Margaret M. French
Write-in 0 1 1 2 Write-in
Blank 271 354 241 866 Blank
Total 879 1029 696 2604 Total
HOUSING AUTHORITY- 5 yr term HOUSING AUTHORITY
Write-in 6 5 4 15 Write-in
Blank 287 338 228 853 Blank
Total 293 343 232 868 Total
LIBRARY TRUSTEES (vote for 2) LIBRARY TRUSTEES 
Linda Fournier 178 231 153 562 Linda Fournier
Beverly A. Sadeck 168 210 162 540 Beverly A. Sadeck
John T. Rumbut, Sr. 110 74 37 221 John T. Rumbut, Sr.
Write-in 0 0 0 0 Write-in
Blank 130 171 112 413 Blank
Total 586 686 464 1736 Total
PLANNING BOARD -5 yr term PLANNING BOARD
David J. Crose 224 246 166 636 David J. Crose
Write-in 1 1 1 3 Write-in
Blank 68 96 65 229 Blank
Total 293 343 232 868 Total
WATER & SEWER COMMISSIONER WATER & SEWER COM.
Paul G. Sadeck 227 261 184 672 Paul G. Sadeck 
Write-in 2 0 0 2 Write-in
Blank 64 82 48 194 Blank
Total 293 343 232 868 Total
WATER & SEWER COMMISSIONER- 1 year Unexpired Term WATER & SEWER COM.
Keven V. Desmarais 225 259 178 662 Keven V. Desmarais
Write-in 3 1 0 4 Write-in
Blank 65 83 54 202 Blank
Total 293 343 232 868 Total
OFFICIAL RESULTS
Annual Town Election April 4, 2022

      Offices/Candidates PREC 1 PREC 2 PREC 3 Grand Totals Offices/Candidates
REGIONAL SCHOOL DISTRICT COMMITTEE- FREETOWN REG SCH DIST COM.-FREE
William M. Sienkewicz, Jr 209 231 156 596 William M. Sienkewicz, Jr
Samantha Jane Gomes 62 101 64 227 Samantha Jane Gomes
Write-in 0 0 0 0 Write-in
Blank 22 11 12 45 Blank
Total 293 343 232 868 Total
REGIONAL SCHOOL DISTRICT COMMITTEE- LAKEVILLE REG SCH DIST COM.-LAKE
John Joseph Burke 138 181 121 440 John Joseph Burke
Kerry S. Palaiologos 93 105 75 273 Kerry S. Palaiologos
Write-in 0 0 0 0 Write-in
Blank 62 57 36 155 Blank
Total 293 343 232 868 Total
QUESTION #1
YES 147 175 125 447 YES
NO 69 87 54 210 NO
Blank 77 81 53 211 Blank
Total 293 343 232 868 Total
        Position
Freetown 
Votes
Lakeville 
Votes Total
Reg Sch Dist Committee- Freetown (3 yr) 
William M. Sienkewicz, Jr 596 761 1357
Samantha Jane Gomes 227 440 667
Write-ins 0 2 2
Blank 45 214 259
William M. Sienkewicz, Jr is the  winner of the 3 yr term in Freetown 
Reg Sch Dist Committee- Lakeville (3 yr)- Vote for One
John Joseph Burke 440 634 1074
Kerry S. Palaiologos 273 561 834
Write-ins 0 2 2
Blank 155 220 375
John Joseph Burke is the  winner of the 3 yr term in Freetown 
Write-ins (with most votes only)
PREC PREC PREC     Grand 
1 2 3           Total  
ABSENTEE BALLOTS CAST 23 9 10 42
Combined  votes for the Regional School District Committee as per the Regional 
*Cemetery Commission - James Jose, 4 votes - he accepted the elected postion for 3 yr term 
**Housing Authority- Michael McCue, 2 votes- he has declined the elected postion for 5 yr term 