UNOFFICIAL RESULTS May 8, 2023 Annual Town Election
Out of 6,643 REGISTERED voters 1,219 voted.
18.35% Voter Turn Out
GRAND TALLY PCT 1 PCT 2 PCT 3 TOTAL
SELECTMAN   3 yrs. Vote 2
GARY C. FOWLER 211 198 183 592
RACHEL LIV BANCROFT 218 197 226 641
ROBERT C. HOOVER 242 278 281 801
WRITE INS 5 9 5 19
BLANKS 120 140 125 385
TOTAL 796 822 820 2438
SCHOOL COMMITTEE   3 yrs. Vote 2
JOHN A. CANCELLARA 228 242 276 746
MICHAEL DONAHUE 200 201 157 558
STACY MCMASTER 242 236 272 750
WRITE INS 6 6 4 16
BLANKS 120 137 111 368
TOTAL 796 822 820 2438
ASSESSOR    3 yrs. Vote 1
ARTHUR MACDONALD 303 281 301 885
WRITE INS 1 2 2 5
BLANKS 94 128 107 329
TOTAL 398 411 410 1219
LIGHT COMMISSIONER   3 yrs.  Vote 1 
JOHN SMOLINSKY 300 294 304 898
WRITE INS 1 1 2 4
BLANKS 97 116 104 317
TOTAL 398 411 410 1219
LIGHT COMMISSIONER   2 yrs. Vote 1
WAYNE SNOW 308 302 316 926
WRITE INS 1 1 2 4
BLANKS 89 108 92 289
TOTAL 398 411 410 1219
WATER COMMISSIONER     3 yrs. Vote 1
JEFFREY W. MCCLURE 298 293 304 895
WRITE INS 2 0 2 4
BLANKS 98 118 104 320
TOTAL 398 411 410 1219
PLANNING BOARD       5 yrs. Vote 1
JOANNE MARY LAUT 296 290 307 893
WRITE INS 2 5 4 11
BLANKS 100 116 99 315
TOTAL 398 411 410 1219
PEABODY LIBRARY TRUSTEES      3 yrs. Vote 2
MEGAN B. LICHTY 292 296 307 895
AIMEE VIRGINIA HAMELIN 293 287 295 875
WRITE INS 1 0 3 4
BLANKS 210 239 215 664
TOTAL 796 822 820 2438
HOUSING AUTHORITY      5 yrs. Vote 1
David Twiss                     19 Lake Shore Dr. 26 26 27 79
Frank Harper                 39 Hamilton Terr. 1 2 4 7
WRITE INS 61 71 57 189
BLANKS 337 340 353 1030
TOTAL 398 411 410 1219