HANOVER OFFICIAL RESULTS - MAY 8, 2021
Board of Assessors - three years Precinct 1 Precinct 2 Precinct 3 Precinct 4 Total
Blank 122 130 137 125 514
Melsi Xhengo 280 282 310 252 1124
Write- Ins 5 2 5 6 18
407 414 452 383 1656
Board of Health - three years Precinct 1 Precinct 2 Precinct 3 Precinct 4 Total
Blank 59 49 64 73 245
Delshaune Flipp 128 145 157 141 571
Kathleen D. Dauphinais 220 219 229 169 837
Write- Ins 0 1 2 0 3
407 414 452 383 1656
Board of Selectmen - 3 years, vote for two Precinct 1 Precinct 2 Precinct 3 Precinct 4 Total
Blank 189 164 216 187 756
David R. Delaney 243 284 254 228 1009
Steven R. Louko, Jr. 228 206 249 213 896
David E. Sawin 146 154 179 134 613
Write-Ins 8 20 6 4 38
814 828 904 766 3312
Moderator - 1 year Precinct 1 Precinct 2 Precinct 3 Precinct 4 Total
Blank 99 90 107 89 385
Douglas T. Thomson 301 319 341 288 1249
Write-Ins 7 5 4 6 22
407 414 452 383 1656
Planning Board - 5 years Precinct 1 Precinct 2 Precinct 3 Precinct 4 Total
Blank 118 120 144 120 502
Bernie R. Campbell 289 293 306 263 1151
Write-Ins 0 1 2 0 3
407 414 452 383 1656
School Committee - 3 years, vote for two Precinct 1 Precinct 2 Precinct 3 Precinct 4 Total
Blank 143 158 196 159 656
Elizabeth R. Corbo 225 227 259 201 912
John R. Geary 223 223 205 193 844
Ryan M. Hall 220 216 243 212 891
Write-Ins 3 4 1 1 9
814 828 904 766 3312

Trustee of the Public Library - 3 Yrs. Precinct 1 Precinct 2 Precinct 3 Precinct 4 Total
Blank 88 82 107 107 384
Jeanne M. Cianciola 317 332 343 273 1265
Write-Ins 2 0 2 3 7
407 414 452 383 1656
Total turnout 1,656
Number of registered voters 11,179
Percentage turnout 14.81%