Town of Harwich
Annual Town Election - May 20, 2025
Official Results
Precinct 1 
Total
Precinct 2 
Total
Precinct 3 
Total
Precinct 4 
Total
Total
 (All Precincts)
Select Board
Vote for TWO
Anita N. Doucette 334 366 259 267 1226
Mark P. Kelleher 344 348 256 223 1171
Kathryn Angela McManus 315 348 230 224 1117
Michael MacAskill (Write In) 12 16 19 26 73
Write In (All Others) 0 1 0 1 2
Blanks 179 189 112 127 607
Total: 1184 1268 876 868 4196
Town Clerk
Vote for ONE
Emily Mitchell, Candidate for Re-election 523 558 384 389 1854
Write In 1 1 0 0 2
Blanks 68 75 54 45 242
Total: 592 634 438 434 2098
Monomoy Regional School Committee
Vote for ONE
Ryan P. Edwards 196 243 146 176 761
Bretten Fortin 64 68 69 40 241
Ann Marie Varella 237 212 131 169 749
Write In 3 0 1 0 4
Blanks 92 111 91 49 343
Total: 592 634 438 434 2098
Brooks Free Library Board of Trustees
Vote for TWO
William David Crowell, Candidate for Re-election 488 507 347 357 1699
Bernadette Corbett Waystack, Candidate for Re-election 449 490 350 332 1621
Write In 0 0 0 0 0
Blanks 247 271 179 179 876
Total: 1184 1268 876 868 4196
Water/Wastewater Commission
Vote for ONE
Judith Anne Underwood, Candidate for Re-election 373 354 265 282 1274
Ann I. Frechette 118 161 101 80 460
Write In 1 1 0 0 2
Blanks 100 118 72 72 362
Total: 592 634 438 434 2098
Housing Authority
Vote for ONE
Elizabeth Rhodes Harder, Candidate for Re-election 438 472 325 315 1550
Write In 3 2 0 5 10
Blanks 151 160 113 114 538
Total: 592 634 438 434 2098
Charter Commission
Vote for NINE
Herbert Graham Bell 342 345 235 225 1147
Linda A. Cebula 373 367 252 234 1226
Jonathan Paul Chorey 334 345 235 216 1130
Paul Vincent Doane 383 372 256 255 1266
Sandra B. Hall 361 368 246 249 1224
Antigone Jonna London 346 362 244 231 1183
Judith Anne Underwood 357 354 243 218 1172
Louis Urbano 334 331 229 203 1097
Richard J. Waystack 406 426 297 287 1416
Michael MacAskill (Write In) 0 0 4 8 12
Write In (All Others) 0 6 1 0 7
Blanks 2092 2430 1700 1780 8002
Total: 5328 5706 3942 3906 18882
Question 1
(Charter Amendments)
Yes 445 502 321 350 1618
No 121 89 94 64 368
Blanks 26 43 23 20 112
Total: 592 634 438 434 2098

Question 2
(Establish Charter Commission)
Yes 395 435 280 299 1409
No 152 141 123 102 518
Blanks 45 58 35 33 171
Total: 592 634 438 434 2098
Question 3
(Debt Exlusion - Monomoy Middle School Renovation 
Project)
Yes 431 495 338 311 1575
No 132 113 87 108 440
Blanks 29 26 13 15 83
Total: 592 634 438 434 2098
Question 4
(Debt Exclusion - Fire Department)
Yes 404 458 309 281 1452
No 152 142 114 136 544
Blanks 36 34 15 17 102
Total: 592 634 438 434 2098
Question 5
(Debt Exclusion - Great Sand Lakes 
Wastewater Construction)
Yes 355 450 268 247 1320
No 196 158 145 164 663
Blanks 41 26 25 23 115
Total: 592 634 438 434 2098
Question 6
(Non-Binding Public Opinion Advisory Question: 
Pilgrim Nuclear Power Station)
Yes 491 512 363 367 1733
No 63 76 44 50 233
Blanks 38 46 31 17 132
Total: 592 634 438 434 2098
Election Statistics
Precinct 1 Precinct 2 Precinct 3 Precinct 4 Total
Registered Voters 3,355                 3,001                 2,920                 2,888                 12,164 
Election Day Voters 560  610 423 416 2,009 
Early (no excuse Absentee voting) Votes Cast by Mail 14  11 10 8 43 
Absentee Votes Cast by Mail 5  4 2 3 14 
Absentee Votes Cast in Person 12  9 3 7 31 
UOCAVA Voters (activty duty military and citizens residing 
outside the U.S.) 1  -  -  -  1  
Total Turnout (All Voting Methods) 592  634 438 434 2,098 
Total Turnout Percentage (All Voting Methods) 17.65% 21.13% 15.00% 15.03% 17.25%
Attest:
Emily Mitchell, Town Clerk
The Early and Absentee ballots were distributed to their precincts before the close of polls. They were processed through the precinct voting tabulators 
and counted with the ballots cast in person at the precincts.
