Ward-Prec 101 102 103 201 202 203 301 302 303 401 402 403 501 502 503 601 602 603 701 702 703 Totals
Total Ballots Cast 0
Mayor
Blanks 3 6 4 2 4 0 2 9 4 4 15 15 7 8 13 3 13 7 20 3 10 152
James J Fiorentini 144 204 180 208 218 134 149 181 240 320 411 314 331 351 400 218 326 348 358 215 393 5643
Colin LePage 87 136 181 221 222 72 49 132 172 376 350 363 235 207 410 204 251 268 308 189 357 4790
Write Ins 1 3 0 5 2 0 0 0 2 4 9 2 2 1 5 4 1 0 1 0 3 45
235 349 365 436 446 206 200 322 418 704 785 694 575 567 828 429 591 623 687 407 763 10630
City Council
Blanks 879 1335 1286 1338 1455 711 901 1007 1470 2352 2640 2383 1969 1922 2634 1327 2025 1931 2215 1245 2537 35562
Timothy Jordan 96 157 167 250 255 96 62 154 210 349 411 361 269 303 426 222 278 339 490 231 505 5631
John Michitson 113 150 169 229 209 102 67 156 205 396 417 386 280 279 449 219 302 348 380 214 402 5472
Melinda Barrett 114 176 152 241 211 102 84 165 198 338 373 320 277 269 388 192 260 317 414 228 402 5221
Joseph Bevilacqua 125 128 174 186 214 114 76 156 173 300 391 325 287 280 376 231 283 305 292 198 348 4962
Thomas Sullivan 91 155 152 176 168 91 75 143 168 296 381 298 233 234 380 197 299 286 342 177 325 4667
Melissa Lewandowski 81 127 132 168 156 73 71 126 170 295 300 289 240 238 351 174 220 252 263 171 291 4188
Michael McGonagle 91 118 132 153 168 72 46 110 143 250 297 258 221 235 321 170 275 306 246 162 286 4060
Catherine Rogers 67 92 140 184 229 55 48 96 133 251 237 232 193 195 337 150 189 233 261 192 314 3828
Shaun Toohey 83 110 121 143 156 79 56 97 135 238 267 250 214 247 359 170 186 232 195 159 292 3789
Katrina Hobbs Everett 65 128 122 187 159 68 62 132 149 220 220 190 200 183 247 135 187 214 266 107 235 3476
Kenneth Quimby 52 87 89 119 110 54 44 80 111 226 211 225 145 138 226 126 140 168 157 144 188 2840
Dee Jacobs O'Neil 71 68 118 98 124 45 47 76 100 156 164 135 138 150 236 135 128 158 116 92 152 2507
Josiah Morrow 35 69 75 116 114 45 39 95 98 164 167 132 104 109 188 94 137 127 160 80 160 2308
Fred Simmons 47 61 79 114 96 34 44 71 71 161 185 166 114 89 159 97 107 119 109 92 134 2149
William Taylor 33 69 65 88 73 46 28 79 101 136 182 117 106 102 147 86 130 101 114 69 119 1991
Kenneth Stevenson 32 63 66 81 61 30 26 114 74 137 120 108 120 78 142 86 104 98 103 62 105 1810
Tomas Michel 34 48 44 49 50 37 23 41 52 67 97 68 61 51 76 49 61 70 59 30 67 1134
Write Ins 6 0 2 4 6 0 1 0 1 4 5 3 4 1 10 1 8 3 1 10 5 75
2115 3141 3285 3924 4014 1854 1800 2898 3762 6336 7065 6246 5175 5103 7452 3861 5319 5607 6183 3663 6867 95670
235 349 365 436 446 206 200 322 418 704 785 694 575 567 828 429 591 623 687 407 763
School Committee
Blanks 247 396 372 453 418 205 269 312 449 779 841 735 587 567 829 389 617 553 714 397 776 10905
Paul A Magliocchetti 128 173 204 232 255 119 62 168 198 358 435 403 327 328 488 277 331 400 399 247 447 5979
Richard J Rosa 105 169 188 231 251 101 89 175 213 384 421 390 292 285 455 218 322 341 399 220 424 5673
Maura L Ryan Ciardiello 130 177 180 219 252 113 79 168 217 326 388 327 319 328 414 251 266 326 320 216 387 5403
Miguel Quinones 89 128 148 171 155 80 100 139 175 258 258 227 198 190 287 151 232 249 225 138 250 3848
Write Ins 6 4 3 2 7 0 1 4 2 7 12 0 2 3 11 1 5 0 4 3 5 82
705 1047 1095 1308 1338 618 600 966 1254 2112 2355 2082 1725 1701 2484 1287 1773 1869 2061 1221 2289 31890
235 349 365 436 446 206 200 322 418 704 785 694 575 567 828 429 591 623 687 407 763 10630
Ballot Questions
101 102 103 201 202 203 301 302 303 401 402 403 501 502 503 601 602 603 701 702 703
City Council Ward
Blank 26 87 70 87 64 29 55 49 79 156 183 129 111 104 112 72 116 90 118 64 252 2053
Yes 134 188 195 234 239 123 108 211 241 338 372 328 298 302 476 234 304 340 354 212 336 5567
No 75 74 100 115 143 54 37 62 98 210 230 237 166 161 240 123 171 193 215 131 175 3010
235 349 365 436 446 206 200 322 418 704 785 694 575 567 828 429 591 623 687 407 763
School Comm Ward
Blank 28 92 73 92 74 32 49 56 80 167 191 144 123 115 117 75 131 97 129 69 261 2195
Yes 136 184 185 222 232 113 113 197 243 334 359 323 291 290 471 226 287 331 340 227 324 5428
No 71 73 107 122 140 61 38 69 95 203 235 227 161 162 240 128 173 195 218 111 178 3007
235 349 365 436 446 206 200 322 418 704 785 694 575 567 828 429 591 623 687 407 763 10630
Municipal election-  Official results - 11/02/2021