Town Election May 14, 2022
FOR MODERATOR - Vote for ONE
PR 1 PR 2 PR 3 PR 4 PR 5 PR 6 PR7 PR7A TOTAL
Blanks 79 78 101 107 100 135 82 24 706
Michael J. Puzo 276 360 342 470 507 497 228 232 2912
Write-Ins 1 1 3 4 2 2 3 0 16
Total 356 439 446 581 609 634 313 256 3634
FOR SELECTMAN - Vote for ONE
PR 1 PR 2 PR 3 PR 4 PR 5 PR 6 PR7 PR7A TOTAL
Blanks 93 100 128 137 133 162 92 36 881
Joseph M. Fisher 263 334 318 434 471 469 219 218 2726
Write-Ins 0 5 0 10 5 3 2 2 27
Total 356 439 446 581 609 634 313 256 3634
FOR BOARD OF ASSESSORS - Vote for ONE
For Three Years PR 1 PR 2 PR 3 PR 4 PR 5 PR 6 PR7 PR7A TOTAL
Blanks 102 106 113 151 144 179 100 40 935
Christine M. Roberts 253 332 330 426 464 453 211 214 2683
Write-Ins 1 1 3 4 1 2 2 2 16
Total 356 439 446 581 609 634 313 256 3634
FOR BOARD OF ASSESSORS - Vote for ONE
For One Year PR 1 PR 2 102 PR 4 PR 5 PR 6 PR7 PR7A TOTAL
Blanks 89 120 103 166 154 150 62 37 881
Carlton A. Chambers, Sr. 95 137 102 165 163 119 81 134 996
Randall M. Winters 171 181 240 250 292 364 169 85 1752
Write-Ins 1 1 1 0 0 1 1 0 5
Total 356 439 446 581 609 634 313 256 3634
FOR BOARD OF HEALTH - Vote for ONE
PR 1 PR 2 PR 3 PR 4 PR 5 PR 6 PR7 PR7A TOTAL
Blanks 46 51 74 93 78 82 20 12 456
Kirk J. Shilts 86 132 106 138 161 125 55 74 877
Rosemary D. Byrne 224 255 265 349 370 427 238 170 2298
Write-Ins 0 1 1 1 0 0 0 0 3
Total 356 439 446 581 609 634 313 256 3634
FOR MUNICIPAL LIGHT BOARD - Vote for ONE
PR 1 PR 2 PR 3 PR 4 PR 5 PR 6 PR7 PR7A TOTAL
Blanks 114 112 144 181 152 193 104 47 1047
Michael D. Reive 240 325 300 396 456 439 205 207 2568
Write-ins 2 2 2 4 1 2 4 2 19
Total 356 439 446 581 609 634 313 256 3634
FOR HOUSING AUTHORITY
PR 1 PR 2 PR 3 PR 4 PR 5 PR 6 PR7 PR7A TOTAL
Blanks 124 130 149 190 174 216 113 49 1145
Michelle A. Larned 232 308 296 389 432 415 195 205 2472
Write-Ins 0 1 1 2 3 3 5 2 17
Total 356 439 446 581 609 634 313 256 3634

FOR SCHOOL COMMITTEE- Vote for THREE
PR 1 PR 2 PR 3 PR 4 PR 5 PR 6 PR7 PR7A TOTAL
Blanks 211 253 290 411 374 413 204 131 2287
Nancy Nes Correnti 201 270 278 342 387 269 161 205 2113
Alyson B. Anderson 234 251 306 331 386 423 187 196 2314
Matthew J. Cosman 219 297 242 337 360 390 188 97 2130
Matthew B. Lebretton 203 233 220 314 319 404 197 139 2029
Write-Ins 0 13 2 8 1 3 2 0 29
Total 1068 1317 1338 1743 1827 1902 939 768 10902
FOR PLANNING BOARD - Vote for ONE
For Five Years PR1 PR2 PR3 PR4 PR5 PR 6 PR7 PR7A TOTAL
Blanks 107 94 123 152 145 171 99 37 928
Gordon M. Carr 249 342 321 425 462 461 213 218 2691
Write-Ins 0 3 2 4 2 2 1 1 15
Total 356 439 446 581 609 634 313 256 3634
FOR SEWER COMMISSIONER - Vote for ONE
PR 1 PR 2 PR 3 PR 4 PR 5 PR 6 PR7 PR7A TOTAL
Blanks 76 92 108 137 132 144 68 21 778
Kirk J. Shilts 135 181 167 239 250 237 120 117 1446
Joseph F. Kelly 145 163 168 202 226 252 124 118 1398
Write-Ins 0 3 3 3 1 1 1 0 12
Total 356 439 446 581 609 634 313 256 3634
FOR RECREATION COMMISSION - Vote for ONE
PR 1 PR 2 PR 3 PR 4 PR 5 PR 6 PR7 PR7A TOTAL
Blanks 95 112 139 161 151 183 98 40 979
Stephen P. Buckley 260 327 306 416 454 450 214 215 2642
Write-Ins 1 0 1 4 4 1 1 1 13
Total 356 439 446 581 609 634 313 256 3634
Ballot Question
PR 1 PR 2 PR 3 PR 4 PR 5 PR 6 PR7 PR7A TOTAL
Blanks 26 25 20 43 32 41 21 44 252
Yes 261 320 311 411 447 452 182 141 2525
No 69 94 115 127 130 141 110 71 857
Total 356 439 446 581 609 634 313 256 3634