Vote for One - 1 Year Term
Moderator Prec. 1 Prec. 2 Prec. 3 Prec. 4 Prec. 5 Prec. 6 Totals
Daniel F. Nason 349 340 441 359 365 389 2243
Blanks 160 163 207 146 198 184 1058
Write-ins 3 2 2 4 2 3 16
Provisional 0 0 0 0 0 0 0
Totals 512 505 650 509 565 576 3317
 Vote for Two - 3 Year Term
Board of Selectmen Prec. 1 Prec. 2 Prec. 3 Prec. 4 Prec. 5 Prec. 6 Totals
Richard F. Bates 243 232 296 245 214 265 1495
Anthony M. Renzoni 250 250 354 276 278 295 1703
Linda M. Long-Bellil 243 228 304 225 287 277 1564
Aidan MK Slaten 189 183 232 187 221 235 1247
Blanks 98 116 112 83 129 77 615
Write-ins 1 1 2 2 1 3 10
Provisionals 0 0 0 0 0 0 0
Totals 1024 1010 1300 1018 1130 1152 6634
Vote for Two - 3 Year Term
Trustees of Damon Memorial Prec. 1 Prec. 2 Prec. 3 Prec. 4 Prec. 5 Prec. 6 Totals
Alan N. Degutis 278 269 374 285 314 301 1821
Richard S. Maurer 264 237 380 290 310 316 1797
Maureen L. Glodas 192 184 203 177 181 221 1158
Blanks 289 319 342 264 323 313 1850
Write-ins 1 1 1 2 2 1 8
Provisionals 0 0 0 0 0 0 0
Totals 1024 1010 1300 1018 1130 1152 6634
Vote for One - 3 Year Term
Wachusett Regional School District Prec. 1 Prec. 2 Prec. 3 Prec. 4 Prec. 5 Prec. 6 Totals
Lauren L. Salmon-Garrett 251 234 320 254 304 279 1642
Amy E. Miller 195 203 273 226 210 254 1361
Blanks 63 67 55 27 51 41 304
Write-ins 3 1 2 2 0 2 10
Provisional 0 0 0 0 0 0 0
Totals 512 505 650 509 565 576 3317
Annual Town Election
Monday, May 13, 2024
Town of Holden, Massachusetts
OFFICIAL RESULTS


Vote for One - 5 Year Term
Holden Housing Authority Prec. 1 Prec. 2 Prec. 3 Prec. 4 Prec. 5 Prec. 6 Totals
Paul Mark Steinberg 323 305 418 368 330 351 2095
Blanks 187 200 230 137 231 221 1206
Write-ins 2 0 2 4 4 4 16
Provisional 0 0 0 0 0 0 0
Totals 512 505 650 509 565 576 3317
BALLOT QUESTIONS
Capital Expenditure Exlcusion Prec. 1 Prec. 2 Prec. 3 Prec. 4 Prec. 5 Prec. 6 Totals
YES 306 317 420 308 343 355 2049
NO 173 160 200 175 202 195 1105
Blanks 33 28 30 26 20 26 163
Provisional 0 0 0 0 0 0 0
Totals 512 505 650 509 565 576 3317
Debt Exclusion Prec. 1 Prec. 2 Prec. 3 Prec. 4 Prec. 5 Prec. 6 Totals
YES 249 272 359 264 282 280 1706
NO 215 199 258 213 251 253 1389
Blanks 48 34 33 32 32 43 222
Provisional 0 0 0 0 0 0 0
Totals 512 505 650 509 565 576 3317
NON-BINDING QUESTIONS
Real Estate Tax Deferral Prec. 1 Prec. 2 Prec. 3 Prec. 4 Prec. 5 Prec. 6 Totals
YES 284 317 407 322 369 307 2006
NO 180 139 204 156 160 226 1065
Blanks 48 49 39 31 36 43 246
Provisional 0 0 0 0 0 0 0
Totals 512 505 650 509 565 576 3317
Town Meetings on Saturday Prec. 1 Prec. 2 Prec. 3 Prec. 4 Prec. 5 Prec. 6 Totals
YES 296 299 393 312 329 327 1956
NO 157 132 199 149 181 186 1004
Blanks 59 74 58 48 55 63 357
Provisional 0 0 0 0 0 0 0
Totals 512 505 650 509 565 576 3317
Expand Senior Center Prec. 1 Prec. 2 Prec. 3 Prec. 4 Prec. 5 Prec. 6 Totals
YES 362 349 465 369 405 396 2346
NO 116 116 156 117 131 141 777
Blanks 34 40 29 23 29 39 194
Provisional 0 0 0 0 0 0 0
Totals 512 505 650 509 565 576 3317
Ballots cast Prec. 1 Prec. 2 Prec. 3 Prec. 4 Prec. 5 Prec. 6 Totals
Total Ballots Cast 512 505 650 509 565 576 3317
Registered Voters Prec. 1 Prec. 2 Prec. 3 Prec. 4 Prec. 5 Prec. 6 Totals
Total registered voters eligible to vote 2538 2450 2602 2691 2628 2595 15504
as of May 3, 2024
Voter participation percentage 20.17% 20.61% 24.98% 18.91% 21.50% 22.20% 21.39%