HUDSON ANNUAL TOWN ELECTION  
Official Results- May 8, 2023           
                       
Total # of Registered Voters = 14,081
Total # of VotersVoting 1299
9.2% Turnout
Announced@ 9:20PM  
SELECT BOARD (ONE for a Three-Yr. Term)
Prec. 1 Prec. 2 Prec. 3 Prec. 4 Prec. 5 Prec. 6 TOTALS
(Incumbent)Scott R. Duplisea 128 120 195 168 197 103 911
Herman L. Kabakoff 43 50 49 73 93 23 331
Write-Ins 0 0 0 4 4 0 8
BLANKS : 7 7 10 14 6 5 49
TOTALS : 178 177 254 259 300 131 1299
MODERATOR   (ONE for a One-Yr. Term)
Prec. 1 Prec. 2 Prec. 3 Prec. 4 Prec. 5 Prec. 6 TOTALS
(Incumbent) Richard T. Harrity 150 130 208 198 251 109 1046
Write-Ins 0 2 1 5 2 1 11
BLANKS : 28 45 45 56 47 21 242
TOTALS : 178 177 254 259 300 131 1299
Prec. 1 Prec. 2 Prec. 3 Prec. 4 Prec. 5 Prec. 6 TOTALS
Erica G. Ankstitus 105 100 140 160 170 74 749
Nicholas Martino 67 58 73 76 92 36 402
Steven C. Sharek 89 92 163 148 190 81 763
Write-Ins 0 0 0 4 0 1 5
BLANKS : 95 104 132 130 148 70 679
TOTALS : 356 354 508 518 600 262 2598
Prec. 1 Prec. 2 Prec. 3 Prec. 4 Prec. 5 Prec. 6 TOTALS
(Incumbent) Diane C. Buchanan 144 131 206 190 248 106 1025
Write-Ins 0 0 0 2 0 0 2
BLANKS : 34 46 48 67 52 25 272
TOTALS : 178 177 254 259 300 131 1299
Prec. 1 Prec. 2 Prec. 3 Prec. 4 Prec. 5 Prec. 6 TOTALS
(Incubent) Sarah B. Cressy 144 128 204 191 243 104 1014
Write-Ins 1 1 0 3 1 1 7
BLANKS : 33 48 50 65 56 26 278
TOTALS : 178 177 254 259 300 131 1299
SCHOOL COMMITTEE   (TWO for a Three-Yr. Term)
TRUSTEES of BENEVOLENT FUNDS   (ONE for a Three-Yr. Term)
HOUSING AUTHORITY  (ONE for a Five-Yr. Term)

HUDSON ANNUAL TOWN ELECTION  
Official Results- May 8, 2023           
                       
Total # of Registered Voters = 14,081
Total # of VotersVoting 1299
9.2% Turnout
Announced@ 9:20PM  
Prec. 1 Prec. 2 Prec. 3 Prec. 4 Prec. 5 Prec. 6 TOTALS
(Incumbent) Justin A. Provencher 142 145 209 195 229 109 1029
Lawrence Charles Fine 27 19 30 40 41 8 165
Write-Ins 0 0 0 1 0 1 2
BLANKS : 9 13 15 23 30 13 103
TOTALS : 178 177 254 259 300 131 1299
PARK COMMISSION  (ONE for a Three-Yr. Term)  
Prec. 1 Prec. 2 Prec. 3 Prec. 4 Prec. 5 Prec. 6 TOTALS
(Incumbent) Michael C. Chaves 150 130 208 187 244 108 1027
Write-Ins 0 0 1 0 1 0 2
BLANKS : 28 47 45 72 55 23 270
TOTALS : 178 177 254 259 300 131 1299
BOARD OF HEALTH (ONE for a Three-Yr. Term)  
Prec. 1 Prec. 2 Prec. 3 Prec. 4 Prec. 5 Prec. 6 TOTALS
Tony L. Buscemi 60 59 131 134 83 50 517
Allyson L. O'Malley 107 104 112 100 184 69 676
Write-Ins 0 0 0 1 0 0 1
BLANKS : 11 14 11 24 33 12 105
TOTALS : 178 177 254 259 300 131 1299
LIBRARY TRUSTEE  (ONE for a Three-Yr. Term)  
Prec. 1 Prec. 2 Prec. 3 Prec. 4 Prec. 5 Prec. 6 TOTALS
(Incumbent)Thomas W. Desmond 142 123 201 189 242 105 1002
Write-Ins 0 0 0 2 0 0 2
BLANKS : 36 54 53 68 58 26 295
TOTALS : 178 177 254 259 300 131 1299
Prec. 1 Prec. 2 Prec. 3 Prec. 4 Prec. 5 Prec. 6 TOTALS
(Incumbent) David Daigneault 147 134 209 192 244 109 1035
Write-Ins 0 0 0 3 2 1 6
BLANKS : 31 43 45 64 54 21 258
TOTALS : 178 177 254 259 300 131 1299
PLANNING BOARD  (ONE for a  Three-Yr. term)
MUNICIPAL LIGHT BOARD  (ONE for a Three-Yr. Term)

HUDSON ANNUAL TOWN ELECTION  
Official Results- May 8, 2023           
                       
Total # of Registered Voters = 14,081
Total # of VotersVoting 1299
9.2% Turnout
Announced@ 9:20PM  
CEMETERY COMMISSION  (ONE for a Three-Yr. Term)
Prec. 1 Prec. 2 Prec. 3 Prec. 4 Prec. 5 Prec. 6 TOTALS
(Incumbent) Nelson Luz Santos 146 134 214 191 245 112 1042
Write-Ins 0 0 0 2 0 0 2
BLANKS : 32 43 40 66 55 19 255
TOTALS : 178 177 254 259 300 131 1299
Prec. 1 Prec. 2 Prec. 3 Prec. 4 Prec. 5 Prec. 6 TOTALS
Thomas Edward Garrity 145 133 213 190 247 109 1037
Write-Ins 0 0 0 1 1 0 2
BLANKS : 33 44 41 68 52 22 260
TOTALS : 178 177 254 259 300 131 1299
CONSTABLE  (ONE for a Three-Yr. Term)
Prec. 1 Prec. 2 Prec. 3 Prec. 4 Prec. 5 Prec. 6 TOTALS
(Incumbent) Michael D. Peckham 145 126 200 184 240 105 1000
Write-Ins 0 0 1 2 1 1 5
BLANKS : 33 51 53 73 59 25 294
TOTALS : 178 177 254 259 300 131 1299
Prec. 1 Prec. 2 Prec. 3 Prec. 4 Prec. 5 Prec. 6 TOTALS
(Incumbent)Brian G. Bowen 151 136 209 196 248 107 1047
Write-Ins 0 0 2 3 2 0 7
BLANKS : 27 41 43 60 50 24 245
TOTALS : 178 177 254 259 300 131 1299
Prec. 1 Prec. 2 Prec. 3 Prec. 4 Prec. 5 Prec. 6 TOTALS
William J. Charbonneau 147 133 208 189 246 106 1029
Write-Ins 0 0 0 3 1 0 4
BLANKS : 31 44 46 67 53 25 266
TOTALS : 178 177 254 259 300 131 1299
Prec. 1 Prec. 2 Prec. 3 Prec. 4 Prec. 5 Prec. 6 TOTALS
YES 76 70 118 104 177 68 613
NO 89 82 116 132 102 48 569
BLANKS : 13 25 20 23 21 15 117
TOTALS : 178 177 254 259 300 131 1299
QUESTION # 1
REGIONAL  VOCATIONAL SCHOOL COMMITTEE              
(ONE for a Four-Yr. Term)
CEMETERY COMMISSION (ONE for a One-Yr. Term) (To fill a 
Vacancy)
BOARD of ASSESSORS  (ONE for a Three-Yr. Term)