RESULTS KINGSTON ATE 2025 6/23/2025 10:17 AM
Saturday, May 17, 2025 TOTAL
OFFICE 1 2 3 4
*denotes incumbent
SELECTMAN
(one for three years)
Carl L. Pike 98 102 88 100 388
Jesse J. Pyne 22 49 29 35 135
Write-Ins 3 1 0 1 5
Blanks 10 12 8 14 44
133 164 125 150 572
ASSESSOR
(one for three years)
Write-Ins 9 15 15 4 43
Daniel Harlow wins with 9 votes
Blanks 124 149 110 146 529
133 164 125 150 572
ASSESSOR
(one for two years)
Kenneth R. Stevens 97 116 91 115 419
Write-Ins (Daniel Harlow 1 3 0 0 4
Blanks 35 45 34 35 149
133 164 125 150 572
PLANNING BOARD
(one for five years)
Write-Ins 10 14 15 4 43
Blanks 123 150 110 146 529
133 164 125 150 572
(two for three years)
*Amy Cortright 82 104 81 93 360
Megan Garrity Cannon 78 92 84 87 341
Write-Ins 3 19 7 11 40
Blanks 103 113 78 109 403
266 328 250 300 1144
KINGSTON ELEMENTARY SCHOOL COMMITTEE
(two for three years)
Jesse A. Keith 80 102 87 94 363
Write-Ins 31 58 25 34 148
Blanks 155 168 138 172 633
266 328 250 300 1144
PRECINCTS
S.L. REGIONAL SCHOOL COMMITTEE
Unable to Elect - to be appointed by PB & BOS
N:\5-17-25 ATE\05-17-2025 ATE RESULTS.xlsx

RESULTS KINGSTON ATE 2025 6/23/2025 10:17 AM
Saturday, May 17, 2025 TOTAL
OFFICE 1 2 3 4
PRECINCTS
WATER COMMISSIONER
(one for three years)
* Robert James Erlandsen 86 106 89 104 385
Write-Ins 2 7 0 0 9
Blanks 45 51 36 46 178
133 164 125 150 572
BOARD OF HEALTH
(two for three years)
*Joseph F. Casna, Jr. 73 85 74 79 311
*William J. Kavol 49 58 51 79 237
Rosemary Donahoe 74 109 69 77 329
Write-Ins 1 3 0 0 4
Blanks 69 73 56 65 263
266 328 250 300 1144
LIBRARY TRUSTEES
(two for three years)
Emily M. Bruce 93 117 95 114 419
Andrew S. Kostka 81 100 87 88 356
Write-Ins 2 0 0 0 2
Blanks 90 111 68 98 367
266 328 250 300 1144
SEWER COMMISSIONER
(one for three years)
*Elaine A. Fiore 86 108 92 108 394
Write-Ins 3 7 0 2 12
Blanks 44 49 33 40 166
133 164 125 150 572
RECREATION COMMISSION
(one for three years)
*Joseph Paul Cunningham, Jr. 91 106 86 107 390
Write-Ins 0 2 0 0 2
Blanks 42 56 39 43 180
133 164 125 150 572
CONSTABLE
(two for three years)
*Robert A. Short 93 97 89 104 383
Gregory Charles Zec 71 86 64 74 295
Write-Ins 1 1 1 0 3
Blanks 101 144 96 122 463
266 328 250 300 1144
N:\5-17-25 ATE\05-17-2025 ATE RESULTS.xlsx