PRELIMINARY RESULTS KINGSTON ATE 2024 5/18/2024 7:45 PM
Saturday, May 18, 2024 TOTAL
OFFICE 1 2 3 4
SELECTMAN
(two for three years)
*Kimberley  A Emberg 114 131 103 102 450
*Sheila Vaughn 81 88 94 86 349
Melissa A  Bateman 101 175 168 146 590
Write-Ins 2 2 1 2 7
Blanks 98 132 92 128 450
396 528 458 464 1846
ASSESSOR
(one for three years)
Scott J. Desantis 136 171 176 151 634
Write-Ins 1 1 1 2 5
Blanks 61 92 52 79 284
198 264 229 232 923
PLANNING BOARD
(one for five years)
Write-Ins 29 16 20 15 80 Winner:  
Blanks 169 248 209 217 843
198 264 229 232 923
(one for one year)
*Mark R. Guidoboni 99 114 110 90 413
Megan Garrity Cannon 81 118 102 108 409
Write-Ins 0 1 0 1 2
Blanks 18 31 17 33 99
198 264 229 232 923
KINGSTON ELEMENTARY SCHOOL COMMITTEE
(one for three years)
*Megan Garrity Cannon 81 109 117 97 404
Laurie A Casna 83 112 94 98 387
Write-Ins 0 1 0 0 1
Blanks 34 42 18 37 131
198 264 229 232 923
WATER COMMISSIONER
(one for three years)
* Richard Wilson Loring Jr. 138 169 175 151 633
Write-Ins 0 2 2 2 6
Blanks 60 93 52 79 284
198 264 229 232 923
HOUSING AUTHORITY
(one for five years)
Write-Ins 14 7 9 7 37 Winner:  
Blanks 184 257 220 225 886
198 264 229 232 923
PRECINCTS
S.L. REGIONAL SCHOOL COMMITTEE
[Path]05-18-2024 ATE RESULTS

PRELIMINARY RESULTS KINGSTON ATE 2024 5/18/2024 7:45 PM
Saturday, May 18, 2024 TOTAL
OFFICE 1 2 3 4
PRECINCTS
BOARD OF HEALTH
(one for three years)
Sheryl A Antoine 71 123 107 121 422
Patricia Iafrate 79 83 77 60 299
Write-Ins 1 1 0 0 2
Blanks 47 57 45 51 200
198 264 229 232 923
LIBRARY TRUSTEES
(two for three years)
*Emily Flight Curtin 146 182 186 171 685
Write-Ins 2 4 5 2 13
Blanks 248 342 267 291 1148
396 528 458 464 1846
LIBRARY TRUSTEES
(one for two years)
Matthew Richard Donohue 142 169 174 148 633
Write-Ins 0 1 1 1 3
Blanks 56 94 54 83 287
198 264 229 232 923
RECREATION COMMISSION
(two for three years)
*Melissa A Bateman 141 195 193 170 699
*Eileen Mary Moynihan 106 136 132 108 482
Write-Ins 1 2 0 0 3
Blanks 148 195 133 186 662
396 528 458 464 1846
SEWER COMMISSIONER
(one for three years)
Brian M Donahoe 139 178 181 149 647
Write-Ins 0 0 1 2 3
Blanks 59 86 47 81 273
198 264 229 232 923
[Path]05-18-2024 ATE RESULTS

PRELIMINARY RESULTS KINGSTON ATE 2024 5/18/2024 7:45 PM
Saturday, May 18, 2024 TOTAL
OFFICE 1 2 3 4
PRECINCTS
Planning Board    5 yr  Write-Ins
Michelle Clarke 1
James Thurston 1
Bob Goslin 1
Tyler Bouchard
Alex Graham 11 6 6 3 26
Mark Guidoboni 1 1 1
Robert Tousignant 1
Ms Tracy 1
Sean Dormady 2
Patrick Bateman 1 1
Matt Mello 1
Melissa Bateman 2
Zak Potrykus 1
Matt Simson 1
John Bateman 1
Mike Lanatra 3
Matthew Donohue 1
Ken Moalli 1 1
Craig Solari 3
William Brennan 1
Trish Duff 1
Steve Du n 1
MarkSullivan 1
David Jones 1
Eric Crone 1
Sandra MacFarlane 1
Chirs Bachelor 1
Nick Gifford` 1
Michael Cowett 1
Dana Nemis 1
Janet Stanford 1
Gale Luthi 1
John Goslin 1
Tim Corr 1
Dale Loring 1
Daniel Smith 1
[Path]05-18-2024 ATE RESULTS