ATE 2022 Preliminary 4/23/2022
OFFICE TOTAL
1 2 3 4
SELECTMAN
(one for three years)
Tyler R. Bouchard 102 147 169 142 560
Blanks 29 47 41 42 159
Write-Ins 8 2 2 0 12
139 196 212 184 731
ASSESSOR
(one for three years)
*Michael P. Martin 94 126 146 126 492
Blanks 39 67 64 56 226
Write-Ins 6 3 2 2 13
139 196 212 184 731
COLLECTOR OF TAXES
(one for three years)
*Kenneth B. Moalli 100 145 164 139 548
Blanks 37 51 46 44 178
Write-Ins 2 0 2 1 5
139 196 212 184 731
PLANNING BOARD
(one for five years)
*Thomas S. Bouchard, Sr 96 137 158 136 527
Blanks 37 60 54 47 198
Write-Ins 6 0 0 0 6
139 197 212 183 731
(two for three years)
Jeanne M. Coleman 57 91 104 82 334
Amy M. Cortright 79 111 111 112 413
Michael E. Shekane 76 117 94 95 382
Blanks 62 73 114 79 328
Write-Ins 4 0 1 0 5
278 392 424 368 1462
KINGSTON ELEMENTARY SCHOOL COMMITTEE
(two for three years)
*Timothy E. Lewis 83 128 159 120 490
*Sheila Vaughn 64 76 46 71 257
Michael E. Shekane 62 100 86 86 334
Write-Ins 3 2 2 0 7
Blanks 66 86 131 91 374
278 392 424 368 1462
WATER COMMISSIONER
(one for three years)
Robert J. Erlandsen 88 124 149 124 485
Blanks 49 70 63 60 242
Write-Ins 2 2 0 0 4
139 196 212 184 731
PRECINCTS
S.L. REGIONAL SCHOOL COMMITTEE
1 of 2 4/23/2022 8:02 PM

BOARD OF HEALTH
(two for three years)
*Joseph F. Casna, Jr. 72 114 140 117 443
*William J. Kavol 76 109 111 111 407
Blanks 127 160 169 137 593
Write-Ins 3 9 4 3 19
278 392 424 368 1462
LIBRARY TRUSTEES
Carolyn Bromage 4 20 16 20 60
(two for three years)
*Ralph T. Calderaro 88 131 140 129 488
Blanks 180 224 265 217 886
Mixed Write-Ins (Carolyn Bromage =60) 10 37 19 22 88
278 392 424 368 1462
RECREATION COMMISSION
(one for three years)
Joseph P. Cuningham, Jr. 85 132 145 126 488
Blanks 51 63 62 55 231
Write-Ins 3 1 5 3 12
139 196 212 184 731
RECREATION COMMISSION
(one for one year)
Patrick Rooney 10 22 16 11 59
Blanks 122 162 176 157 617
Write-Ins (Patrick Rooney=59) 17 34 36 27 114
139 196 212 184 731
SEWER COMMISSIONER
(one for three years)
*Elaine A. Fiore 81 119 141 128 469
Blanks 53 73 70 54 250
Write-Ins 5 4 1 2 12
139 196 212 184 731
CONSTABLE
(two for three years)
*Brian J. Graziano 79 123 125 112 439
*Robert A. Short 75 108 116 112 411
Blanks 122 159 183 143 607
Write-Ins 2 2 0 1 5
278 392 424 368 1462
HOUSING AUTHORITY
(one for five years)
*Mary L. Hayes 85 127 145 133 490
Blanks 51 69 67 51 238
Write-Ins 3 0 0 0 3
139 196 212 184 731
HOUSING AUTHORITY
(one for one year)
Blanks 135 189 209 177 710
Write-Ins 4 7 3 7 21
139 196 212 184 731
2 of 2 4/23/2022 8:02 PM