April 8th Annual Town Election Official Results
Registered Voters: 10,090 
Voter Turnout: 16%
SELECTBOARD
3 YEAR
PRECINCT
1
TOTAL
PRECINCT
2
TOTAL
PRECINT
3
TOTAL 
PRECINCT
4
TOTAL
Total
RICHARD P. DALTON 288 217 245 339 1089
Write ins 28 11 25 16 80
Blanks 132 90 101 142 465
Total 448 318 371 497 1634
BOARD OF ASSESSORS
3 YEAR
PRECINCT
1
TOTAL
PRECINCT
2
TOTAL
PRECINT
3
TOTAL 
PRECINCT
4
TOTAL
Total
RICHARD J. O'NEIL, JR. 310 227 256 364 1157
Write ins 1 3 3 3 20
Blanks 137 88 112 130 934
Total 448 318 371 497 1634
BOARD OF LIBRARY TRUSTEES
3 YEAR
PRECINCT
1
TOTAL
PRECINCT
2
TOTAL
PRECINT
3
TOTAL 
PRECINCT
4
TOTAL
Total
KARIN M. ROUND 267 207 238 310 1022
STEPHANIE LYNNE SLATE 266 219 245 309 1039
Write ins 3 4 2 6 30
Blanks 360 206 257 369 1192
Total 896 636 742 994 3268
HOUSING AUTHORITY
5 YEAR
PRECINCT
1
TOTAL
PRECINCT
2
TOTAL
PRECINT
3
TOTAL 
PRECINCT
4
TOTAL
Total
JOHN NUNZIATO 289 228 251 350 1118
Write ins 2 1 3 2 16
Blanks 157 89 117 145 508
Total 448 318 371 497 1634
PLANNING BOARD
5 YEAR
PRECINCT
1
TOTAL
PRECINCT
2
TOTAL
PRECINT
3
TOTAL 
PRECINCT
4
TOTAL
Total
EDWARD P. CHAMPY III 302 224 248 344 1118
Write ins 2 2 1 4 18
Blanks 144 92 122 149 1014
Total 448 318 371 497 1634
SCHOOL COMMITTEE
3 YEAR
PRECINCT
1
TOTAL
PRECINCT
2
TOTAL
PRECINT
3
TOTAL 
PRECINCT
4
TOTAL
Total
KIMBERLY BAKER-DONAHUE 292 230 240 287 1049
KRISTEN GRIECO ELWORTHY 186 110 151 238 685
JENNIFER SHEEHAN 164 103 155 233 655
Write ins 7 8 8 10 33
Blanks 247 185 188 226 846
Total 896 636 742 994 3268
TOWN MODERATOR 
1 YEAR
PRECINCT
1
TOTAL
PRECINCT
2
TOTAL
PRECINT
3
TOTAL 
PRECINCT
4
TOTAL
Total
STEVEN M. WALSH 321 230 271 372 1194
Write ins 2 2 1 1 6
Blanks 125 86 99 124 434
Total 448 318 371 497 1634