6/23/2023
1 2 3 4 5 6 Total Elected
Bret Murray 686 634 549 581 547 613 3610 X
Moses Grader 582 517 400 483 454 514 2950 X
James E. Nye 606 572 494 559 491 603 3325 X
Jackie Belf-Becker 457 450 380 420 438 479 2624
Alexa J. Singer 736 609 546 619 623 644 3777 X
Erin M. Noonan 704 623 566 620 607 655 3775 X
James Full 12 11 7 3 1 5 39
All Others 12 10 8 7 10 12 59
Blanks 2460 1974 2025 2173 1994 2280 12906
Total 6255 5400 4975 5465 5165 5805 33065
33065
1 2 3 4 5 6 Total Elected
John G. Attridge 894 804 735 784 752 848 4817 X
All Others 4 4 7 6 7 10 38
Blanks 353 272 253 303 274 303 1758
Total 1251 1080 995 1093 1033 1161 6613
6613
Tuesday, June 20, 2023
Marblehead, Massachusetts Town Election Official Results
Precinct
Moderator - 1 Year Term  Vote 1
Select Board - 1 Year Term Vote  5
Precinct
1

6/23/2023
Tuesday, June 20, 2023
Marblehead, Massachusetts Town Election Official Results
Vote for One
1 2 3 4 5 6 Total Elected
John P. Kelley 855 714 659 703 689 760 4380 X
All Others 4 2 1 0 0 2 9
Blanks 392 364 335 390 344 399 2224
Total 1251 1080 995 1093 1033 1161 6613
1 2 3 4 5 6 Total Elected
Pam M. Petersen 833 737 668 718 698 790 4444 X
All Others 2 1 2 3 1 2 11
Blanks 416 342 325 372 334 369 2158
Total 1251 1080 995 1093 1033 1161 6613
1 2 3 4 5 6 Total Elected
Thomas R. McMahon 533 558 498 506 395 459 2949 X
David Belf Becker 319 220 241 227 327 287 1621
Thomas Andrew Massaro 215 175 110 159 154 210 1023
All Others 1 0 0 0 1 0 2
Blanks 183 127 146 201 156 205 1018
Total 1251 1080 995 1093 1033 1161 6613
6613
Precinct
Assessors  3 Year Term Vote 1
Precinct
Board of Health  - 3 Year Term Vote 1
Cemetery Commission - 3 Year Term Vote 1
Precinct
2

6/23/2023
Tuesday, June 20, 2023
Marblehead, Massachusetts Town Election Official Results
1 2 3 4 5 6 Total Elected
Katherine H. Barker 621 525 473 537 492 573 3221 X
Rose Ann Wheeler McCarthy 282 286 304 249 288 285 1694
Gary J. Amberik 618 535 447 492 469 556 3117 X
All Others 0 0 1 0 0 3 4
Blanks 981 814 765 908 817 905 5190
Total 2502 2160 1990 2186 2066 2322 13226
13226
Precinct
Abbot Public Library Trustee - 3 Year Term VOTE FOR 2
3

6/23/2023
Tuesday, June 20, 2023
Marblehead, Massachusetts Town Election Official Results
Vote for One
1 2 3 4 5 6 Total Elected
Theresa M. Tauro 787 706 644 648 669 723 4177 X
All Others 2 3 2 5 3 5 20
Blanks 462 371 349 440 361 433 2416
Total 1251 1080 995 1093 1033 1161 6613
6613
1 2 3 4 5 6 Total Elected
Lisa Wolf 683 544 453 531 534 560 3305 X
Walter E. Homan 446 425 431 402 347 434 2485 `
All Others 0 0 0 0 0 1 1
Blanks 122 111 111 160 152 166 822
Total 1251 1080 995 1093 1033 1161 6613
6613
1 2 3 4 5 6 Total Elected
Adam Robert Smith 629 446 387 428 451 425 2766 X
Nathanael A. Burke 418 398 393 433 361 465 2468
All Others 0 0 1 0 0 3 4
Blanks 204 236 214 232 221 268 1375
Total 1251 1080 995 1093 1033 1161 6613
6613
Precinct
Municipal Light Commissioner - 3 Year Term Vote 1
Municipal Light Commissioner - 1 Year unexpiredTerm Vote 1
Precinct
Precinct
Housing Authority  2 Year unexpired Term Vote 1
4

6/23/2023
Tuesday, June 20, 2023
Marblehead, Massachusetts Town Election Official Results
Vote for One
1 2 3 4 5 6 Total Elected
Marc J. Liebman 576 496 472 493 515 567 3119 X
Robert J. Schaeffner 629 526 525 568 557 600 3405 X
All Others 2 0 2 2 0 2 8
Blanks 1295 1138 991 1123 994 1153 6694
Total 2502 2160 1990 2186 2066 2322 13226
13226
1 2 3 4 5 6 Total Elected
Matthew C. Martin 601 582 514 520 507 596 3320 X
Larry J. Simpson 575 439 411 429 370 441 2665
Shelly Curran Bedrossian 500 472 436 402 454 487 2751 X
Karin L. Ernst 511 443 435 444 503 579 2915 X
Rossana Ferrante 514 443 429 471 480 562 2899 X
Linda A. Rice Collins 560 496 461 498 448 557 3020 X
All Others 1 0 3 3 1 8 16
Blanks 2993 2525 2286 2698 2402 2575 15479
Total 6255 5400 4975 5465 5165 5805 33065
33065
Precinct
Planning Board  3 Year Term Vote 2
Precinct
Recreation and Park Commission - 1 Year Term  VOTE  5
5

6/23/2023
Tuesday, June 20, 2023
Marblehead, Massachusetts Town Election Official Results
1 2 3 4 5 6 Total Elected
Paul Baker 503 456 326 341 289 353 2268
Brian Scott Ota 409 377 375 344 493 504 2502 X
Jennifer Schaeffner 553 452 470 559 494 535 3063 X
Sarah Jane Gold 442 374 357 385 384 455 2397
All Others 0 3 2 0 0 2 7
Blanks 595 498 460 557 406 473 2989
Total 2502 2160 1990 2186 2066 2322 13226
13226
1 2 3 4 5 6 Total Elected
Barton K. Hyte 659 594 542 570 590 649 3604 X
Thomas M. Carroll 703 627 586 603 585 678 3782 X
All Others 1 0 2 1 1 3 8
Blanks 1139 939 860 1012 890 992 5832
Total 2502 2160 1990 2186 2066 2322 13226
13226
1 2 3 4 5 6 Total
Yes 578 444 422 490 498 564 2996
No 622 598 552 569 507 566 3414 X
Blanks 51 38 21 34 28 31 203
Total 1251 1080 995 1093 1033 1161 6613
6613
Turnout 1251 1080 995 1093 1033 1161 6613
Percentage Turnout 44.0% 37.9% 38.7% 42.5% 39.1% 43.6% 40.5%
Precinct
Precinct
Question 1- Town Override
School Committee - 3 Year Term Vote 2
Precinct
Water & Sewer Commission - 3  Year Term Vote 2
6