TOTAL Precinct 1 Precinct 2 Precinct 3 Precinct 4 Total
SELECTMEN
EILEEN MURPHY 177 163 189 126 655
OTHERS 8 2 3 6 19
BLANKS 34 54 35 26 149
0 0 0 0 0
219 219 227 158 823
MODERATOR
MICHAEL E. PASTORE 190 184 198 139 711
OTHERS 3 0 0 0 3
BLANKS 26 35 29 19 109
0 0 0 0 0
0 0 0 0 0
219 219 227 158 823
ASSESSOR
WILLIAM VANCE GALLAGHER 185 171 192 132 680
OTHERS 3 0 0 0 3
BLANKS 31 48 35 26 140
0 0 0 0 0
0 0 0 0 0
219 219 227 158 823
SCHOOL COMMITTEE (VOTE FOR 2)
MICHELLE KIRKBY 137 153 153 95 538
SOPHIA VIGLAS 165 149 183 111 608
CAROLINE MORANZA WAISBERG 13 14 17 19 63
ROSELI SANDRA WEISS 79 77 56 62 274
OTHERS 6 2 0 0 8
BLANKS 38 43 45 29 155
438 438 454 316 1646
LIBRARY TRUSTEES (VOTE FOR 2)
PHILIP M. TUTHS 114 107 127 90 438
RICHARD EDWARD WHITE 80 63 96 58 297
CARYN B. PICARILLO 70 100 59 55 284
SARAH L. WESTHOVEN 105 113 102 70 390
OTHERS 4 0 0 0 4
BLANK 65 55 70 43 233
438 438 454 316 1646
PARK COMMISSIONER (VOTE FOR 3)
MELVILLE DENNIS SEIBOLT 164 148 177 121 610
LAUREN S. BEITELSPACHER 183 172 189 127 671
NICHOLAS THOMAS BROWN 165 150 168 118 601
OTHERS 10 1 0 1 12
BLANKS 135 186 147 107 575
657 657 681 474 2469
PLANNING BOARD
DOUGLAS PHILIP LARENCE 183 170 184 128 665
OTHERS 4 0 1 0 5
BLANKS 32 49 42 30 153
219 219 227 158 823
HOUSING AUTHORITY
ROBERT J CANAVAN JR 184 168 185 123 660
WRITE IN 3 0 0 1 4
BLANKS 32 51 42 34 159
219 219 227 158 823
QUESTION- MODERATOR TERM
YES 156 164 174 116 610
NO 41 35 29 27 132
BLANKS 22 20 24 15 81
219 219 227 158 823