TOWN MODERATOR PCT 1 PCT 2 PCT 3 PCT 4 TOTAL
Laura Graham Mullen 76 112 107 104 399
Christina K. Oster 96 100 125 104 425
All Others 0 1 0 0 1
Blanks 8 4 1 4 17
TOTALS 180 217 233 212 842
SELECT BOARD PCT 1 PCT 2 PCT 3 PCT 4 TOTAL
Todd M. Alessandri 137 165 193 174 669
Maryjane White 129 177 186 179 671
Martin Dietrich 3 1 0 3 7
All Others 6 3 3 1 13
Blanks 85 88 84 67 324
TOTALS 360 434 466 424 1684
BOARD OF HEALTH PCT 1 PCT 2 PCT 3 PCT 4 TOTAL
Caryn Metzger-Smith 139 168 190 176 673
All Others 0 0 0 0 0
Blanks 41 49 43 36 169
TOTALS 180 217 233 212 842
 
SCHOOL COMMITTEE PCT 1 PCT 2 PCT 3 PCT 4 TOTAL
Lauren C. Nassif 142 171 189 177 679
Kailene S. Simon 142 164 179 172 657
All Others 1 2 2 5 10
Blanks 75 97 96 70 338
TOTALS 360 434 466 424 1684
PARKS COMMISSION PCT 1 PCT 2 PCT 3 PCT 4 TOTAL
Richard D. D'Innocenzo 131 162 185 174 652
All Others 1 0 2 0 3
Blanks 48 55 46 38 187
TOTALS 180 217 233 212 842
LIBRARY TRUSTEES PCT 1 PCT 2 PCT 3 PCT 4 TOTAL
Nutan K. Mathew 112 115 133 120 480
Gregory Thomas Peverill-Conti 57 79 85 72 293
Seth L. Kendall 52 59 69 61 241
Naomi L. Price 89 100 116 108 413
All Others 0 0 0 0 0
Blanks 50 81 63 63 257
TOTALS 360 434 466 424 1684
LIBRARY TRUSTEES 2 yr PCT 1 PCT 2 PCT 3 PCT 4 TOTAL
Nicole Marie Haberman 138 161 180 166 645
All Others 1 0 0 2 3
Blanks 41 56 53 44 194
TOTALS 180 217 233 212 842
PLANNING AND ECON. DEV. BOARD PCT 1 PCT 2 PCT 3 PCT 4 TOTAL
Timothy J. Harris 129 161 174 165 629
Sarah L. Raposa 125 165 180 161 631
All Others 1 3 2 0 6
Blanks 105 105 110 98 418
TOTALS 360 434 466 424 1684
PLANNING AND ECON. DEV. BOARD 2 yr PCT 1 PCT 2 PCT 3 PCT 4 TOTAL
Janine M. Clifford 62 78 113 96 349
Kristen Salera 72 83 79 75 309
All Others 0 0 0 0 0
Blanks 46 56 41 41 184
TOTALS 180 217 233 212 842
HOUSING AUTHORITY PCT 1 PCT 2 PCT 3 PCT 4 TOTAL
Linda F. Donahue 94 99 117 125 435
Paul G. Yorkis 76 102 102 80 360
All Others 0 0 0 1 1
Blanks 10 16 14 6 46
TOTALS 180 217 233 212 842
WATER SEWER ADVISORY BOARD PCT 1 PCT 2 PCT 3 PCT 4 TOTAL
Leo C. Orourke 129 154 183 167 633
All Others 0 0 3 0 3
Blanks 51 63 47 45 206
TOTALS 180 217 233 212 842
WATER SEWER ADVISORY BOARD 1 yr PCT 1 PCT 2 PCT 3 PCT 4 TOTAL
David Dwyer 137 157 188 169 651
All Others 2 0 0 0 2
Blanks 41 60 45 43 189
TOTALS 180 217 233 212 842
BALLOT QUESTION PCT 1 PCT 2 PCT 3 PCT 4 TOTAL
YES 81 91 104 86 362
NO 81 101 109 106 397
BLANKS 18 25 20 20 83
TOTALS 180 217 233 212 842
Registered Voters 11134
Voter Turnout 7.56%
May 20, 2025
Town Election
Official Results - Town of Medway