TOWN OF MEDWAY
May 17, 2022
TOWN ELECTION
OFFICIAL RESULTS
Prec. 1 Prec. 1A Prec. 2 Prec. 3 Prec. 4 Total
SELECT BOARD
Maryjane White 237 21 306 344 369 1277
Todd M. Alessandri 268 8 302 311 279 1168
Martin W. Dietrich 283 9 281 289 253 1115
Timothy J. Harris 190 16 218 244 286 954
Write-ins 2 1 1 3 2 9
Blanks 52 7 60 75 53 247
Total 1032 62 1168 1266 1242 4770
MODERATOR 
Mark G. Cerel 228 13 235 277 281 1034
Laura Graham Mullen 263 13 328 314 310 1228
Write-ins 0 0 1 1 1 3
Blanks 25 5 20 41 29 120
Total 516 31 584 633 621 2385
BOARD OF HEALTH
Eric K. Lindstrom 229 17 252 290 322 1110
Caryn Metzger-Smith 266 9 301 299 254 1129
Write-ins 0 0 0 1 0 1
Blanks 21 5 31 43 45 145
Total 516 31 584 633 621 2385
SCHOOL COMMITTEE
Timothy Ladd Fagerson 191 11 219 258 289 968
Lauren C. Nassiff 334 14 408 405 378 1539
Evan J. Batcheller 156 12 150 200 210 728
Kailene S. Simon 302 12 315 324 293 1246

Write-ins 2 2 1 2 3 10
Blanks 47 11 75 77 69 279
Total 1032 62 1168 1266 1242 4770
PARK COMMISSION
Sean F. Murphy 238 17 271 314 327 1167
Glenn K. Johnson 246 8 274 263 250 1041
Write-ins 1 0 0 1 3 5
Blanks 31 6 39 55 41 172
Total 516 31 584 633 621 2385
LIBRARY TRUSTEES 
Nutan Mathew 388 17 435 484 457 1781
Gregory Thomas Peverill-Conti 374 20 435 460 456 1745
Write-ins 17 2 14 23 21 77
Blanks 253 23 284 299 308 1167
Total 1032 62 1168 1266 1242 4770
PLANNING AND ECONOMIC DEV. BOARD 3-yr.
Richard J. DiIulio 337 22 393 412 423 1587
Sarah L. Raposa 344 19 402 404 418 1587
Write-ins 3 1 9 13 6 32
Blanks 348 20 364 437 395 1564
Total 1032 62 1168 1266 1242 4770
PLANNING AND ECONOMIC DEV. BOARD 1-yr.
Matthew J. Hayes 372 21 425 454 472 1744
Write-ins 3 1 7 8 5 24
Blanks 141 9 152 171 144 617
Total 516 31 584 633 621 2385
HOUSING AUTHORITY 
Linda F. Donahue 409 24 457 471 510 1871
Write -ins 5 1 2 5 2 15

Blanks 102 6 125 157 109 499
Total 516 31 584 633 621 2385
REDEVELOPMENT AUTHORITY 
Rori Stumpf 272 9 299 320 302 1202
Michael D. Regan 205 20 237 253 266 981
Write-ins 0 0 3 5 3 11
Blanks 39 2 45 55 50 191
Total 516 31 584 633 621 2385
WATER SEWER ADVISORY BOARD 
Leo C. O'Rourke 394 22 459 480 505 1860
Write-ins 10 0 5 10 6 31
Blanks 112 9 120 143 110 494
Total 516 31 584 633 621 2385
Number of Registered Voters 10218