P1 P2 P3 P4 P5 P6 P7 TOTALS
Select Board (Vote for 2)
Blanks 43 15 20 25 16 19 26 164
Brian P. Giovanoni 134 49 95 45 102 98 82 605
William C. Pike 131 62 109 55 115 105 98 675
Sarah Allison Wilbur 76 27 32 33 37 42 37 284
Write Ins 0 1 0 0 0 0 1 2
384 154 256 158 270 264 244 1730
Gas & Electric Commissioners (Vote for 2)
Blanks 80 43 71 40 72 57 63 426
Daniel E. Farley 153 53 94 59 102 106 91 658
Thomas Edward Murphy 150 56 90 58 95 101 90 640
Write Ins 1 2 1 1 1 0 0 6
384 154 256 158 270 264 244 1730
School Committee (Vote for 2)
Blanks 58 21 31 33 35 31 46 255
Christopher William Benson 135 60 99 49 98 95 81 617
Shannon Marie Breen 115 47 87 41 74 87 71 522
Abbie Gonzalez 76 26 38 34 63 50 46 333
Write Ins 0 0 1 1 0 1 0 3
384 154 256 158 270 264 244 1730
Board of Assessors (Vote for 1)
Blanks 47 27 38 23 38 33 36 242
Barbara J. Erickson 145 49 89 55 97 99 86 620
Write Ins 0 1 1 1 0 0 0 3
192 77 128 79 135 132 122 865
Finance Committee (Vote for 2)
Blanks 219 87 142 97 143 142 131 961
Robert M. Sullivan 136 51 84 53 90 99 80 593
Michael Robert Croatti* 20 8 19 3 14 16 13 93
Nicholas Pirraglia* 7 4 6 5 12 2 12 48
Glenn Montapert* 0 0 0 0 1 0 5 6
Write Ins 2 4 5 0 10 5 3 29
384 154 256 158 270 264 244 1730
Planning Board 5 Years (Vote for 1)
Blanks 44 19 42 24 38 28 42 237
Anders Martenson, IV 148 57 85 55 96 103 79 623
Write Ins 0 1 1 0 1 1 1 5
192 77 128 79 135 132 122 865
Annual Town Election 
TOWN OF MIDDLEBOROUGH
RECORD OF 
Saturday, April 5, 2025
OFFICIAL RESULTS

Annual Town Election 
TOWN OF MIDDLEBOROUGH
RECORD OF 
Saturday, April 5, 2025
OFFICIAL RESULTS
Planning Board 3 Years (Vote for 1)
Blanks 47 21 41 24 40 29 36 238
Nancy Kefalis 145 55 85 55 94 103 83 620
Write Ins 0 1 2 0 1 0 3 7
192 77 128 79 135 132 122 865
Park Commissioners (Vote for 1)
Blanks 43 20 35 21 40 33 29 221
William J. Ferdinand 149 56 93 57 95 97 90 637
Write Ins 0 1 0 1 0 2 3 7
192 77 128 79 135 132 122 865
Housing Authority (Vote for 1)
Blanks 43 12 34 20 37 25 35 206
Thomas Stephen White 148 63 91 58 97 107 85 649
Write Ins 1 2 3 1 1 0 2 10
192 77 128 79 135 132 122 865
* Denotes Write In Candidate
A True Copy Attest
Town Clerk
Town of Middleborough
Pamela J. Menconi


The following is a tabulation of voters for all seven precincts at this election.
The Poll hours were open from 8:00 AM - 8:00 PM
Registered Voters: 20,334
Total Votes Cast: 865
Percentage of Registered Voters who Voted: 4.25%
Precinct 1: 192
Precinct 2: 77
Precinct 3: 128
Precinct 4: 79
Precinct 5: 135
Precinct 6: 132
Precinct 7: 122
TOTAL 865
P1 4 4 P1 7 4
P2 7 4 P2 1 1
P3 0 0 P3 1 0
P4 6 6 P4 4 3
P5 4 4 P5 4 4
P6 2 2 P6 5 4
P7 4 4 P7 5 4
TOTAL 27 24 TOTAL 27 20
A True Record Attest:
# returned & 
Cast 
Ealry 
Ballots # ballots sent
Absentee 
Ballots
# returned & 
Cast 
# ballots 
sent
TOWN OF MIDDLEBOROUGH
Annual Town Election 
Saturday, April 5, 2025
TOTAL 
BALLOTS CAST
Per Precinct 
counts