UNOFFICAL RESULTS
PRECINCT P1 P2 P3 P4 P4A P5 P6 P7 P8 P9 P10 TOTAL
SELECT BORoxanne F. Musto 213 288 400 200 62 325 489 548 508 560 139 3732
SELECT BOWinston Anthony Daley 455 647 478 301 183 314 406 251 418 303 349 4105
SELECT BOMeghan E. Haggerty 387 623 507 329 175 340 417 274 447 329 272 4100
SELECT BOPaul Hogan 143 236 334 174 39 255 481 525 479 444 92 3202
SELECT BOOther 2 4 1 5 2 1 2 0 0 2 0 19
SELECT BOBlanks 204 258 324 191 119 187 315 262 414 368 168 2810
Total 1404 2056 2044 1200 580 1422 2110 1860 2266 2006 1020 17968
TOWN MODERATOR-THREE YEAR TERM -Vote for ONE
TOWN CLE Robert G. Hiss 201 322 424 206 60 304 510 530 486 526 146 3715
TOWN CLE Elizabeth Suzanne Dillon 434 607 485 321 192 328 457 307 515 328 307 4281
TOWN CLE Other 1 3 2 1 2 0 1 0 0 2 1 13
TOWN CLE Blanks 66 96 111 72 36 79 87 93 132 147 56 975
Total 702 1028 1022 600 290 711 1055 930 1133 1003 510 8984
BOARD OF ASSESSORS -THREE YEAR TERM - Vote for ONE
BOARD OF William E. Bennett 239 230 382 227 80 264 550 476 514 475 163 3600
BOARD OF Nicole M. Rukstalis 341 598 400 239 143 274 271 219 343 238 230 3296
BOARD OF Other 0 3 0 2 2 0 1 0 2 2 0 12
BOARD OF Blanks 122 197 240 132 65 173 233 235 274 288 117 2076
Total 702 1028 1022 600 290 711 1055 930 1133 1003 510 8984
SCHOOL COMMITTEE-THREE YEAR TERM - Vote for Not More Than TWO
SCHOOL COAnnamma Varghese 233 343 413 250 89 266 417 472 482 493 164 3622
SCHOOL COSharese Latisha Caldwell 381 499 383 239 147 235 270 199 308 211 261 3133
SCHOOL CONathan David Hutto 361 560 484 264 141 314 506 344 460 294 252 3980
SCHOOL CODaniel Matthew O'Neil 151 253 342 216 55 269 428 400 446 481 99 3140
SCHOOL COOther 2 5 0 2 2 0 3 1 3 5 1 24
SCHOOL COBlanks 276 396 422 229 146 338 486 444 567 522 243 4069
Total 1404 2056 2044 1200 580 1422 2110 1860 2266 2006 1020 17968
MEMBER OF THE SELECT BOARD AND SURVEYOR OF THE HIGHWAY-THREE YEAR TERM - Vote for not more than TWO
ANNUAL TOWN ELECTION
Tuesday, April 29, 2025

PRECINCT P1 P2 P3 P4 P4A P5 P6 P7 P8 P9 P10 TOTAL
PARK COMMISSIONER- THREE YEAR TERM- Vote for ONE
PARK COM Carolyn Cahill 475 595 535 337 162 398 573 414 618 426 301 4834
PARK COM Mary M. Fierabend 143 270 333 205 88 173 313 333 317 352 126 2653
PARK COM Other 3 4 0 3 2 0 1 1 2 1 0 17
PARK COM Blanks 81 159 154 55 38 140 168 182 196 224 83 1480
Total 702 1028 1022 600 290 711 1055 930 1133 1003 510 8984
BOARD OF HEALTH -THREE YEAR TERM-Vote for ONE
Board of He Mary F. Stenson 244 303 441 230 72 286 544 492 592 540 159 3903
Board of He Deborah A. Milbauer 360 536 403 289 165 285 299 232 336 235 251 3391
Board of He Other 1 2 0 3 2 0 2 0 1 0 0 11
Board of He Blanks 97 187 178 78 51 140 210 206 204 228 100 1679
Total 702 1028 1022 600 290 711 1055 930 1133 1003 510 8984
TRUSTEES OF THE PUBLIC LIBRARY- THREE YEAR TERM - Vote for Not More Than THREE
TRUSTEES    Hyacinth Crichlow 352 449 488 282 123 373 533 432 527 494 271 4324
TRUSTEES    James C. Potter 445 554 548 333 181 359 529 416 500 413 291 4569
TRUSTEES    Sean Patrick Bentley 294 410 436 242 102 337 504 528 519 441 209 4022
TRUSTEES    Other 4 5 1 4 2 0 2 1 4 6 0 29
TRUSTEES    Blanks 1011 1666 1593 939 462 1064 1597 1413 1849 1655 759 14008
Total 2106 3084 3066 1800 870 2133 3165 2790 3399 3009 1530 26952
CONSTABLE-THREE YEAR TERM - Vote for Not More Than FOUR
CONSTABL Tamara A. Berton 318 327 326 218 103 259 328 318 352 300 204 3053
CONSTABL Eric Scott Issner 245 271 327 179 64 248 380 398 377 317 166 2972
CONSTABL William J. Neville 254 297 340 195 86 257 375 373 411 440 174 3202
CONSTABL Kevin B. Chrisom Jr. 169 244 295 196 53 238 415 442 474 380 128 3034
CONSTABL Yolanda K. Thomas 372 434 319 217 119 230 249 208 266 189 245 2848
CONSTABL Other 4 6 3 2 2 1 1 1 2 3 0 25
CONSTABL Blanks 1446 2533 2478 1393 733 1611 2472 1980 2650 2383 1123 20802
Total 2808 4112 4088 2400 1160 2844 4220 3720 4532 4012 2040 35936

PRECINCT P1 P2 P3 P4 P4A P5 P6 P7 P8 P9 P10 TOTAL
TRUSTEE OF THE CEMETERY-FIVE YEAR TERM - Vote for ONE
TRUSTEE O     Terence Joseph Driscoll 417 521 565 340 145 421 633 551 690 573 277 5133
TRUSTEE O     Other 3 3 1 3 4 1 3 1 1 2 3 25
TRUSTEE O     Blanks 282 504 456 257 141 289 419 378 442 428 230 3826
Total 702 1028 1022 600 290 711 1055 930 1133 1003 510 8984
HOUSING AUTHORITY- FIVE YEAR TERM - Vote for ONE
HOUSING AJames Kelley 184 194 323 196 69 224 442 430 476 410 137 3085
HOUSING AMatthew R. Morong 367 573 374 229 141 250 286 202 285 189 234 3130
HOUSING AOther 1 2 1 3 2 0 0 1 4 3 2 19
HOUSING ABlanks 150 259 324 172 78 237 327 297 368 401 137 2750
Total 702 1028 1022 600 290 711 1055 930 1133 1003 510 8984
PLANNING BOARD -THREE YEAR TERM - Vote for Not More Than TWO
PLANNING Sean Patrick Fahy 221 296 426 211 73 292 537 533 541 576 134 3840
PLANNING Margaret Teresa Oldfield 223 336 417 212 70 318 480 471 486 538 155 3706
PLANNING Denis F. Keohane 345 528 431 282 135 297 342 237 396 273 280 3546
PLANNING Hal Peter Munger 348 539 426 246 151 295 388 317 378 267 249 3604
PLANNING Other 2 1 0 3 3 0 1 0 3 2 1 16
PLANNING Blanks 265 356 344 246 148 220 362 302 462 350 201 3256
Total 1404 2056 2044 1200 580 1422 2110 1860 2266 2006 1020 17968
QUESTION 1
QUESTION Yes 469 750 666 404 224 399 621 511 663 477 372 5556
QUESTION No 220 257 331 175 57 282 417 403 442 501 130 3215
QUESTION Blanks 13 21 25 21 9 30 17 16 28 25 8 213
Total 702 1028 1022 600 290 711 1055 930 1133 1003 510 8984

ANNUAL TOWN ELECTION
April 29, 2025
P1
THREE YEAR TERM - Vote for Not More Than NINE
Kevin Charles Donahue 366
Kevin Shea Hardy 376
Carl D. Lundgren 389
Miriam Ruth Lundgren 394
Angela Carolyn McConney 367
Michael J. Perrone 372
Kathy Rodrigues 378
Jacqueline Emmajane Scott 225
Joan L. Gancarski 185
Alexander Stefan Lang 303
Cynthia Riendeau Needham 340
Thomas Palmer 226
Others 4
Blank 2393
Total 6318
TWO YEAR TERM - Vote for ONE
Robert Francis Lynch Jr. 501
Others 3
Blank 198
Total 702
ONE YEAR TERM - Vote for ONE
Cedric Honigberg 298
Christopher R. Potts 272
Others 2
Blank 130
Total 702

ANNUAL TOWN ELECTION
April 29, 2025
P2
THREE YEAR TERM - Vote for Not More Than TEN
Thomas M. Buchau 424
Winston Anthony Daley 624
Kristine Ruth Hodlin 475
Douglas Hyne 433
Zachary K. Lazar 456
Rebecca M. Padera 477
Zaidee Brawley Rose 418
Beverly Ross Denny 478
Renisha Silva Talbot 394
Mark Teko Christo 213
Joseph T. DeBesse Jr. 369
Ian B. Grigorio 277
Kristin G. Kociol 257
Macy Lee 264
Emily Ruth Mulla 385
Robert E. Powers Jr. 226
Others 16
Blank 4094
Total 10280
ONE YEAR TERM - Vote for ONE
Carolynn Purpura Mackay 605
Others 5
Blank 418
Total 1028

ANNUAL TOWN ELECTION
April 29, 2025
P3
THREE YEAR TERM - Vote for Not More Than TEN
Deborah Jean Alsebai 418
Jeanne L. Burns 369
Elizabeth Marshall Carroll 423
Kathleen M. Conlon 500
Kevin P. Donahue 432
Meredith M. Hall 370
Sara A. Mabel-Skillin 386
Richard B. Neely 386
Michael F. Zullas 445
Kristin Brown Galop 328
Sarah Slaughter Hurst 235
Marianne Kinsella 209
Brooke Plotkin 272
Mary Elizabeth Riffe 239
John E. Sheldon 214
Mary F. Stenson 311
Kerry A. White 235
Johnmichael Wilkins 190
Others 3
Blank 4255
Total 10220

ANNUAL TOWN ELECTION
April 29, 2025
P4 & 4A
THREE YEAR TERM - Vote for Not More Than ELEVEN P4 P4A COMB.
TOTAL
Erin G. Bradley 245 145 390
Brian Joseph Burns 196 47 243
Susan Elaine Craghead 194 131 325
Hyacinth Crichlow 150 60 210
E. Piel Hollingsworth 200 110 310
Larry Johnson 162 109 271
Susan Koch-Weser 227 127 354
Colleen Marie McCarthy 211 43 254
Deborah A. Milbauer 250 128 378
James C. Potter 187 117 304
Annamma Varghese 223 67 290
Kathryn Ann Burak 78 24 102
Brian Manning Cronin 206 56 262
Crystallin Deas 62 29 91
Sargon George Donabed 152 114 266
Sarah Althea Forte 182 118 300
Marieke R. Goldman-Silva 182 129 311
Lindsay Mahoney-Lavalle 190 102 292
Jonathan E. Maki 165 93 258
John P. Varghese 194 48 242
Others 2 2 4
Blank 2942 1391 4333
Total 6600 3190 9790

ANNUAL TOWN ELECTION
April 30, 2024
P5
THREE YEAR TERM - Vote for Not More Than NINE
Philip James Driscoll 369
Christopher R. Hart 240
Clare Frances Keating 248
Kevin Gerard Keating 247
Michael A. Musto 255
Roxanne F. Musto 300
Margaret Teresa Oldfield 299
Denny Swenson 259
Patricia H. Andresino 217
Carol E. Bowen 234
Jeanne C. Bronk 292
Jamie Ruth Dahmer 160
Toby E. Felton 279
Stephanie Carrie Janey 282
Jennifer Meyers 230
Eileen M. Millane 294
Others 2
Blank 2192
Total 6399

ANNUAL TOWN ELECTION
April 29, 2025
P6
THREE YEAR TERM - Vote for Not More Than NINE
Nicholas James Ahearn 554
William E. Bennett 434
Thomas A. Caldwell 402
Elizabeth Suzanne Dillon 450
Sean Patrick Fallon 401
Susan A. Kiernan 527
Michael Patrick Vaughan 400
Garron Joseph Carvalho 82
John Edward Hee Davidson 246
Katherine Landers Keyes 226
Brian C. Manning 324
Kelly A. McGillowey 293
Maura Jane McNamara 309
Kenneth Marc Pariser 188
Carolyn Sessler 272
Margaret Turgeon 315
Andrew Robert Walsh 310
Others 2
Blank 3760
Total 9495

ANNUAL TOWN ELECTION
April 29, 2025
P7
THREE YEAR TERM - Vote for Not More Than TEN
Richard J. Boehler 311
Stephen Michael Cidlevich 542
Andrew James D'Amato 419
Arthur James Doyle 512
Douglas Scott Hunt 506
Kathleen M. O'Donnell 320
Joseph Martin Reardon 430
Jennifer L. Shea 439
Annemarie L. Fagan 393
Paul Hogan 491
Andrea J. Lizio 341
Brian Joseph McGuire 364
Brian Joseph McNaughton 259
Hal Peter Munger 331
Others 5
Blank 3637
Total 9300

ANNUAL TOWN ELECTION
April 29, 2025

ANNUAL TOWN ELECTION
April 29, 2025
P8
THREE YEAR TERM - Vote for Not More Than TEN
Regina K. Malley 470
Veronica J. McCarthy 332
MaryJane Catherine O'Doherty 355
Stephanie Struck O'Keefe 434
Rachel Anne Pozzar 365
Paul F. Vaughan 388
Brian M. Walsh 464
Sheena Elaine Anello 302
Maureen Sullivan Brinn 274
Susan Gennaro 336
David John Humphreys 293
Jackson Humphreys 292
Andrew Koh 250
Kevin Meade 391
Stephen A. Murphy 251
Keri D. Rist 381
Christopher Shumate 327
Stephen John Sullivan 335
Others 8
Blank 5082
Total 11330

ANNUAL TOWN ELECTION
April 29, 2025
P9
 THREE YEAR TERM - Vote for Not More Than TEN
George L. Barrett 448
Megan Patricia Dietrich 334
Michael Sean Fahy 548
Georgia Lee 349
Elizabeth Ann O'Connor 371
Jeremiah John O'Connor 273
Megan Elizabeth Pallai 293
C. Robert Reetz 345
George Elias Tougias 299
Nancy Marie Bosworth 385
Franc Graham 239
Bardhyl Hajrizaj 270
Alexander Eugene Hasha 204
Michael E. Kelly 340
Joanne C.R. Leveroni 307
Ralph Parent 170
Rebecca G. Stone 269
Others 15
Blank 4571
Total 10030
TWO YEAR TERM -   Vote for ONE
Nadine T. Hanna 390
Jennifer M. Raymond 310
Others 3
Blanks 300
Total 15619

ANNUAL TOWN ELECTION
April 29, 2025
P10
THREE YEAR TERM - Vote for Not More Than EIGHT
Bryan W. Furze 246
Jaime Leigh Levash 279
Robert Charles Levash 257
Scott Matthews 241
Lee Michael Mc Lean 226
Leroy Jerome Walker 264
Jennifer Daly 230
Brian Roy Emerson 161
Sheila Bonfanti Gallagher 184
Johnna M. Jordan-Lowney 125
Jaime L. Mulligan 132
Christopher John Trakas 128
Others 2
Blank 1605
Total 4080
ONE YEAR TERM -   Vote for ONE
Jamesley Dasse 133
Ashley Johnson Emerson 144
James Kelley 94
Others 1
Blank 138
Total 6197