Newburyport Municipal  Election November 2, 2021 results
Office Ward 1 P Ward 1 Ward 2 Ward 3 Ward 4 Ward 5 Ward 6 TOTAL
Mayor
Blank 5 7 5 6 10 9 5 47
Charles F. Tontar 92 471 578 582 681 395 410 3209
Sean R. Reardon 160 434 437 457 584 566 598 3236
Write-in 0 0 0 0 0 0 0 0
TOTAL 257 912 1020 1045 1275 970 1013 6492
Councillor
Blank 54 232 239 303 346 246 302 1722
Sharif I Zeid                         1 203 680 883
Jennie L. Donahue             2            781 781
Heather Shand                   3 742 742
Christine E. Wallace          4 929 929
James J. McCauley           5 724 724
Byron Lane                          6 711 711
Write-in 0 0 0 0 0 0 0 0
TOTAL 257 912 1020 1045 1275 970 1013 6492
Councillor At-Large Ward 1P Ward 1 Ward 2 Ward 3 Ward 4 Ward 5 Ward 6 TOTAL
Blank 706 2351 2326 2626 2967 2476 2708 16160
Afroz Khan 101 573 695 661 847 582 576 4035
Mark R. Wright 171 338 420 414 575 434 399 2751
Edward C. Cameron, Jr 104 473 585 562 740 481 477 3422
Constance Preston 95 400 542 490 624 429 437 3017
Bruce L. Vogel 108 425 532 472 622 448 468 3075
Write-In 0 0 0 0 0 0 0 0
TOTAL 1285 4560 5100 5225 6375 4850 5065 32460
School Committee - 4YR
Blank 287 871 868 853 927 737 928 5471
Sarah Hall 118 517 614 575 741 550 574 3689
Laura M. Viola Maccarone 45 209 258 256 284 174 185 1411
Brian Callahan 102 283 362 389 491 321 303 2251
Daniel M. Blair 55 183 187 212 271 373 308 1589
Juliet T.H. Walker 75 406 464 530 634 374 350 2833
Steven P. Cole 89 267 307 320 477 381 391 2232
Write-ins 0 0 0 0 0 0 0 0
Totals 771 2736 3060 3135 3825 2910 3039 19476