TOWN OF NORTON
OFFICIAL RESULTS-ANNUAL TOWN ELECTION
SATURDAY, APRIL 30, 2022
P1 P2 P3 P4 P5
Selectmen (3) YEAR
Blanks 120 105 77 90 53 445
Steven T. Hornsby 126 103 93 109 111 542
Kevin Snyder 166 159 122 137 123 707
Robert Harrington Welsh, Jr. 128 111 94 90 88 511
Write Ins 102 96 78 82 71 429
642 574 464 508 446 2634
Board of Assessors (1)
Blanks 312 272 227 247 216 1274
Write Ins 9 15 5 7 7 43
321 287 232 254 223 1317
Board of Assessors (3)
Blanks 317 277 230 248 219 1291
Write Ins 4 10 2 6 4 26
321 287 232 254 223 1317
Planning Board (3)
Blanks 892 792 650 717 626 3677
Write Ins 71 69 46 45 43 274
963 861 696 762 669 3951
School Committee (2)
Blanks 133 107 95 121 90 546
Sheri Lynn Cohen 183 166 117 128 121 715
Renee L. Deley 127 127 123 119 111 607
Nicholas Schleicher 198 174 128 131 123 754
Write Ins 1 0 1 9 1 12
642 574 464 508 446 2634
Water/Sewer (1)
Blanks 133 114 84 87 98 516
Steven L. Bernstein 185 172 148 167 124 796
Write Ins. 3 1 0 0 1 5
321 287 232 254 223 1317

Water / Sewer -- 3 yr
Blanks 102 86 64 85 81 418
Steven Paul Bishop 217 198 168 165 141 889
Write Ins 2 3 0 4 1 10
321 287 232 254 223 1317
Housing Authority  (2)
Blanks 313 280 226 238 220 1277
Write Ins 8 7 6 16 3 40
321 287 232 254 223 1317
Housing Authority  (3)
Blanks 140 108 75 101 97 521
Paul A. Ruozzi 180 178 155 153 128 794
Write Ins 1 1 0 0 0 2
1317
Housing Authority (5)
Blanks 133 102 79 109 103 526
James R. Dinsel 186 185 153 147 120 791
Write Ins 2 0 0 0 0 1317
WRITE INS  
SELECT BOARD P1 P2 P3 P4 P5
CODY THOMPSON 96 99 74 77 69 415
PLANNING BOARD 3
LAURA PARKER 30 43 24 25 21 143
JAMES ARTZ 19 0 10 5 9 43
BILL MARR 0 0 0 0 4 4
HOUSING AUTHORITY 2 YEARS
CHARLES REYNOLDS 0 0 0 8 1 9
A TRUE COPY ATTEST
LUCIA B. LONGHURST
TOWN CLERK