MAY 3, 2022 TOWN ELECTION
NORTH READING
Official Results
1
Total Registered Voters 3013 2994 2929 2923 11,859
14%  Turnout Prec.1 Prec.2 Prec.3 Prec.4 Totals
SELECT BOARD
Blanks 208 153 228 189 778
LIANE R. GONZALEZ 322 191 364 333 1210
RICHARD F. WALLNER 314 178 342 319 1153
JEREMY GRIFFIN 10 12 3 21 46
All Others 6 4 1 16 27
Total 860 538 938 878 3214
MODERATOR
Blanks 79 76 106 89 350
JOHN J. MURPHY 347 192 360 346 1245
All Others 4 1 3 4 12
Total 430 269 469 439 1607
SCHOOL COMMITTEE
Blanks 35 39 52 40 166
JOHN P. BARRETTE 27 33 34 38 132
JODI M. CLONEY 165 113 149 156 583
JEFFREY L. FRIEDMAN 234 117 239 217 807
KRISTEN M. O'MARA 140 115 236 156 647
NOELLE M. RUDLOFF 256 119 227 271 873
All Others 3 2 1 0 6
Total 860 538 938 878 3214
COMMUNITY PLANNING COMMISSION
Blanks 188 154 212 175 729
WARREN R. PEARCE, JR. 332 194 364 352 1242
DAVID L. RUDLOFF 339 188 362 350 1239
All Others 1 2 0 1 4
Total 860 538 938 878 3214
HOUSING AUTHORITY (5-Yr)
Blanks 92 71 107 97 367
SHERRI L. GREER 336 198 362 341 1237
All Others 2 0 0 1 3
Total 430 269 469 439 1607
HOUSING AUTHORITY (3-Yr)
Blanks 97 72 109 99 377
MICHELE A. MAWN 332 197 360 340 1229
All Others 1 0 0 0 1
Total 430 269 469 439 1607