Town of Northborough
Unofficial Election Results - Annual Town Election
May 11, 2021
CANDIDATE PRECINCT 1 PRECINCT 2 PRECINCT 3 PRECINCT 4TOTALS
Votes Cast: 524 427 604 551 2106
MODERATOR 1yr vote 1
Frederick A. George - Incumbent 444 366 541 451 1802
Write-ins 4 5 5 6 20
Blanks 76 56 58 94 284
TOTALS 524 427 604 551 2106
BOARD OF SELECTMEN 3yr vote 2 TOTALS
Julianne S. Hirsh - Incumbent 325 256 446 378 1405
Thomas Edward Dalton 36 28 29 49 142
Vikram Verma 268 182 182 198 830
Kristen Patricia Wixted 252 237 421 319 1229
Timothy M. Kaelin - (Write-In) 82 56 44 66 248
Write-ins 2 0 0 0 2
Blanks 83 95 86 92 356
TOTALS 1048 854 1208 1102 4212
PLANNING BOARD 3yr vote 2 TOTALS
Kerri Martinek - Incumbent 293 244 438 349 1324
Anthony Ziton - Incumbent 284 234 426 339 1283
Theresa K. Capobianco 234 184 166 203 787
Glenn Odone 210 171 156 188 725
Write-ins 0 1 0 0 1
Blanks 27 20 22 23 92
TOTALS 1048 854 1208 1102 4212
SCHOOL COMMITTEE 3yr vote 2 TOTALS
Lauren Catherine Bailey-Jones
Incumbent 389 309 467 397 1562
Kelly L. Guenette - Incumbent 404 307 460 378 1549
Write-ins 6 4 4 11 25
Blanks 249 234 277 316 1076
TOTALS 1048 854 1208 1102 4212
NB/SB REGIONAL SCHOOL3yrvote 2 TOTALS
Northborough Candidate N'boro VotesS'boro Votes
(All 4 Precincts) Total
Kathleen M. Howland - Incumbent 312 279 308 334 1233 510 1743
Karen A. Ares 286 216 417 275 1194 377 1571
Mariam Ibrahimi 303 201 340 317 1161 392 1553
Write-ins 4 5 2 4 15 3 18
Blanks 143 153 141 172 609 534 1143
TOTALS 1048 854 1208 1102 4212 1816 6028
NB/SB REGIONAL SCHOOL3yr vote 2 TOTALS 1473
Southborough Candidate N'boro VotesS'boro Votes
(All 4 Precincts) Total
Kathleen A. Harragan - Incumbent 370 290 447 366 1473 653 2126
Cathy A. Kea - Incumbent 365 286 426 362 1439 637 2076
Write-ins 5 3 4 8 20 2 22
Blanks 308 275 331 366 1280 524 1804
TOTALS 1048 854 1208 1102 4212 1816 6028
*Total Reg Voters Prec. 1 = 3027
*Total Reg Voters Prec. 2 = 2872
*Total Reg Voters Prec. 3 = 2892
*Total Reg Voters Prec. 4 = 2926
TOTAL # REG VOTERS = 11,717 A True Copy Attest:
Total Votes Cast in Precinct 1 = 524
Total Votes Cast in Precinct 2 =  427
Total Votes Cast in Precinct 3 = 604 Andrew T. Dowd, 
Total Votes Cast in Precinct 4 =551 Town Clerk
Total #  Votes Cast 2,106  
Voter Turnout %: ######
*As of April 9, 2021:  Deadline to register