Town of Northborough
Official Election Results - Annual Town Election - May 10, 2022
CANDIDATE Term PRECINCT 1 PRECINCT 2 PRECINCT 3 PRECINCT 4 TOTALS
                Votes Cast: 496 435 554 546 2031
MODERATOR 1yr vote 1
Frederick A. George - incumbent 364 331 386 394 1475
Write-in  Laura Ziton 38 23 65 50 176
Write-ins 20 11 20 12 63
Blanks 74 70 83 90 317
TOTALS 496 435 554 546 2031
BOARD OF SELECTMEN 3yr vote 1
Leslie S. Rutan - incumbent 248 195 199 244 886
Mitchell S. Cohen 240 219 337 289 1085
Thomas E. Dalton 6 12 12 7 37
Write-in 0 0 0 0 0
Blanks 2 9 6 6 23
TOTALS 496 435 554 546 2031
PLANNING BOARD 3yr vote 1
Jon Lien 254 211 224 277 966
William R. Pierce 232 205 318 257 1012
Write-in 2 0 1 0 3
Blanks 8 19 11 12 50
TOTALS 496 435 554 546 2031
SCHOOL COMMITTEE 3yr vote 1
Gigi Lisa Howell 149 152 176 226 703
Bryce Adam MacKnight 310 235 328 270 1143
Write-in 1 1 2 3 7
Blanks 36 47 48 47 178
TOTALS 496 435 554 546 2031
NB/SB REGIONAL SCHOOL 3yr vote 1
Northborough Candidate N'boro Votes S'boro Votes Total Votes
Joan G. Frank - incumbent 327 290 356 299 1272 403 1675
William Barlow Redfern II 152 126 167 220 665 179 844
Write-in 0 0 3 0 3 2 5
Blanks 17 19 28 27 91 94 185
TOTALS 496 435 554 546 2031 678 2709
NB/SB REGIONAL SCHOOL 3yr vote 1
Southborough Candidate N'boro Votes S'boro Votes Total Votes
Matthew J. Spencer 371 295 398 378 1442 497 1939
Write-ins 2 0 2 13 17 15 32
Blanks 123 140 154 155 572 166 738
TOTALS 496 435 554 546 2031 678 2709
*Total Reg Voters Prec. 1 = 2978
*Total Reg Voters Prec. 2 = 2837
*Total Reg Voters Prec. 3 = 2937
*Total Reg Voters Prec. 4 = 2915
TOTAL # REG VOTERS = 11,667
Total Votes Cast in Precinct 1 = 496 A True Copy Attest:
Total Votes Cast in Precinct 2 =  435
Total Votes Cast in Precinct 3 = 554
Total Votes Cast in Precinct 4 = 546
Total #  Votes Cast 2,031     Andrew T. Dowd, 
Town Clerk
Voter Turnout %: 17.41%
page 1 of 1