## Page 1 of 1

NORTH ANDOVER ANNUAL TOWN ELECTION -Official Results - March 25, 2025

SELECT BOARD

PRECINCT 1 PRECINCT 2 PRECINCT 3 PRECINCT 4 PRECINCT 5 PRECINCT 6 PRECINCT 7 PRECINCT 8 TOTAL

ROSEMARY CONNELLY SMEDILE 116 151 97 141 50 145 60 129 889

SHANNON M. GATELY 2 4 4 5 1 4 0 4 24

Misc. Others 4 23 7 18 8 20 5 19 104

Times Blank Voted 29 59 20 48 12 53 16 27 264

Total Ballots 151 237 128 212 71 222 81 179 1281

SCHOOL COMMITTEE

PRECINCT 1 PRECINCT 2 PRECINCT 3 PRECINCT 4 PRECINCT 5 PRECINCT 6 PRECINCT 7 PRECINCT 8 TOTAL

JOSEPH HICKS 107 153 88 138 53 129 58 96 822

SHANNON M. GATELY 30 45 24 59 12 66 12 63 311

Misc. Others 1 3 3 8 0 8 4 5 32

Times Blank Voted 13 36 13 7 6 19 7 15 116

Total Ballots 151 237 128 212 71 222 81 179 1281

Page 1 of 1

<!-- image -->

Details Comments General Info Type Dimensions Size Duration Location Modified Created Opened by me Sharing Description Couldn't preview file

There was a problem loading the details. Loading...

Back

## Transcript

Close side sheet

Copy Add a comment Page 1 Page 1 of 1