## Page 1 of 1

ELECTION RESULTS FOR ANNUAL TOWN ELECTION

NORTH ANDOVER MA 3/28/2023

OFFICIAL RESULTS P 1 P 2 P 3 P 4 P 5 P 6 P 7 P8 TOTALS

SELECT BOARD

LAURA BATES 163 296 179 331 82 230 170 191 1642

BRIAN EDWARD ROACHE 143 250 152 305 90 225 163 174 1502

Misc. Others 0 3 5 6 0 5 3 4 26

Blanks 114 177 120 226 68 204 168 203 1280

Totals 420 726 456 868 240 664 504 572 4450

SCHOOL COMMITTEE

DAVID SCOTT BROWN 152 278 162 339 93 249 176 194 1643

KEVIN M. DUBE 45 76 58 105 26 94 94 106 604

ALISSA KOENIG 152 266 171 315 91 224 152 164 1535

Misc. Others 3 1 0 1 1 2 2 2 12

Blanks 68 105 65 108 29 95 80 106 656

Totals 420 726 456 868 240 664 504 572 4450

HOUSING AUTHORITY

MARSHA FINKELSTEIN 81 160 98 209 44 132 100 100 924

JACQUELINE H. MCGUIRE 96 156 94 140 50 120 100 90 846

Misc. Others 0 1 0 3 0 2 0 7 13

Blanks 33 46 36 82 26 78 52 89 442

Totals 210 363 228 434 120 332 252 286 2225

GREATER LAWRENCE TECHNICAL SCHOOL DISTRICT COMMITTEE

WILLIAM C. TARBOX 167 286 169 326 83 236 183 188 1638

Misc. Others 0 2 1 1 0 2 1 5 12

Blanks 43 75 58 107 37 94 68 93 575

Totals 210 363 228 434 120 332 252 286 2225

A true record

ATTEST

Carla Dawne Warren

Town Clerk

Page 1 of 1

<!-- image -->

Details Comments General Info Type Dimensions Size Duration Location Modified Created Opened by me Sharing Description Couldn't preview file

There was a problem loading the details. Loading...

Back

## Transcript

Close side sheet

Copy Add a comment Page 1 Page 1 of 1