Annual Town Election
May 14, 2024
Official Results
OFFICE / CANDIDATE Term PRECINCT 1 PRECINCT 2 PRECINCT 3 PRECINCT 4 TOTALS
                Votes Cast: 328 347 343 354 1372
MODERATOR 1yr vote 1
Frederick A. George - incumbent 277 307 302 300 1186
Write-ins 11 9 8 10 38
Blanks 40 31 33 44 148
TOTALS 328 347 343 354 1372
SELECT BOARD 3yr vote 2
Julianne Hirsh - incumbent 271 273 284 275 1103
Michael J. Tietjen 253 278 275 274 1080
Write-in 3 5 6 12 26
Blanks 129 138 121 147 535
TOTALS 656 694 686 708 2744
PLANNING BOARD 3yr vote 2
Kerri Martinek - incumbent 261 252 264 256 1033
Anthony W. Ziton - incumbent 246 244 244 261 995
James Howell 77 107 89 102 375
Write-in 4 3 5 5 17
Blanks 68 88 84 84 324
TOTALS 656 694 686 708 2744
SCHOOL COMMITTEE 3yr vote 2
Lauren Catherine Bailey-Jones - incumbent 245 253 270 273 1041
Kelly L. Guenette - incumbent 283 261 261 282 1087
Gigi Lisa Howell 81 110 87 89 367
Write-in 3 1 1 0 5
Blanks 44 69 67 64 244
TOTALS 656 694 686 708 2744
NB/SB REGIONAL SCHOOL 
COMMITTEE 3yr vote 2
Northborough Candidates N'boro Votes S'boro Votes Total Votes
Kathleen M. Howland - incumbent 260 270 272 277 1079 779 1858
Gigi Lisa Howell 107 133 117 117 474 468 942
Christopher Allen Lacasse 219 219 225 246 909 500 1409
Write-in 4 2 2 0 8 1 9
Blanks 66 70 70 68 274 786 1060
TOTALS 656 694 686 708 2744 2534 5278
NB/SB REGIONAL SCHOOL 
COMMITTEE 3yr vote 2
Southborough Candidates N'boro Votes S'boro Votes Total Votes
Kathleen A. Harragan - incumbent 256 268 271 265 1060 917 1977
Jennifer Lane Primack 256 265 263 267 1051 934 1985
Write-ins 1 161 0 1 163 2 165
Blanks 143 0 152 175 470 681 1151
TOTALS 656 694 686 708 2744 2534 5278
ASSABET VALLEY SCHOOL 
COMMITTEE 4yr vote 1
Virginia S. George 281 307 304 297 1189
Write-ins 1 3 2 1 7
Blanks 46 37 37 56 176
TOTALS 328 347 343 354 1372
*Total Reg Voters Prec. 1 = 2,993
*Total Reg Voters Prec. 2 = 2,884
*Total Reg Voters Prec. 3 = 3,010
*Total Reg Voters Prec. 4 = 2,956
TOTAL # REG VOTERS = 11,843
Total Votes Cast in Precinct 1 = 328 A True Copy Attest:
Total Votes Cast in Precinct 2 =  347
Total Votes Cast in Precinct 3 = 343
Total Votes Cast in Precinct 4 = 354
Total # Votes Cast 1,372         Andrew T. Dowd, 
Town Clerk
Voter Turnout %: 11.58%
*As of April 12, 2024:  Deadline to register
Winners are indicated in Bold
