Town of Oxford
Official Annual Town Election Results
May 16, 2023
CANDIDATE
PRECINCT 
1
PRECINCT 
2
PRECINCT 
3
PRECINCT 
4
PRECINCT 
4A TOTALS
    Votes Cast: 322 233 310 239 5 1109
BOARD OF SELECTMEN 3yrs vote 2
Timothy Shannon Moriarty 163 105 146 103 2 519
John Barry Eul, Jr. 153 125 155 125 3 561
Mark T. Lee 154 107 162 133 1 557
Christopher S. Perron 123 84 115 74 2 398
Write-ins 1 1 0 1 0 3
Blanks 50 44 42 42 2 180
TOTALS 644 466 620 478 10 2218
BOARD OF LIBRARY TRUSTEES 3yrs vote 1
John J. Bowes 247 177 243 186 3 856
Write-ins 0 1 0 1 0 2
Blanks 75 55 67 52 2 251
TOTALS 322 233 310 239 5 1109
MODERATOR 3yrs vote 1
Russell C. Rheault 150 111 147 135 2 545
Cheryll A. Leblanc 168 120 160 99 3 550
Write-ins 0 0 0 0 0 0
Blanks 4 2 3 5 0 14
TOTALS 322 233 310 239 5 1109
SCHOOL COMMITTEE 3yrs vote 2
Corey J. Burke 190 134 186 151 2 663
Jennifer L. Pearson 206 140 183 143 1 673
Write-ins 2 1 4 4 0 11
Blanks 246 191 247 180 7 871
TOTALS 644 466 620 478 10 2218
SOUTHERN WORCESTER 
COUNTY REGIONAL 
VOCATIONAL SCHOOL 
DISTRICT COMMITTEE 3yrs vote 1
Benjamin J. LaMountain 239 184 241 177 3 844
Write-ins 0 0 0 1 0 1
Blanks 83 49 69 61 2 264
TOTALS 322 233 310 239 5 1109
page 1 of 2

Town of Oxford
Official Annual Town Election Results
May 16, 2023
CANDIDATE
PRECINCT 
1
PRECINCT 
2
PRECINCT 
3
PRECINCT 
4
PRECINCT 
4A TOTALS
HOUSING AUTHORITY 5yrs vote 1
Arsenio Sousa Luz 232 174 235 170 3 814
Write-ins 2 2 0 1 0 5
Blanks 88 57 75 68 2 290
TOTALS 322 233 310 239 5 1109
Precinct 1 2,585
Precinct 2 2,433
Precinct 3 2,539
Precinct 4 2,482
Precinct 4A 67
Total # Registered Voters 10,106
Votes Cast Per Precinct
Precinct 1 322
Precinct 2 233
Precinct 3 310
Precinct 4 239
Precinct 4A 5
Total # Votes Cast 1109
Voter Turnout % 11%
*As of May 6, 2023:  Deadline to Register
Winners are indicated in Bold Italics
A True Attest Copy: 
Michelle A. Jenkins, CMC, Town Clerk
page 2 of 2