PREC. 1 PREC. 2 PREC. 3 PREC. 4 PREC. 5 TOTALS
SELECTBOARD
TRACY A. MARINO 280 272 332 307 280 1471
RICHARD J. FLYNN 214 240 276 248 212 1190
FRASER R. TOWNLEY 190 171 211 200 197 969
WRITE INS 1 4 9 5 5 24
BLANKS 155 151 172 146 132 756
TOTAL 840 838 1000 906 826 4410
BOARD OF ASSESSORS
ELIZABETH A. BATES 299 267 361 297 265 1489
WRITE INS 6 6 2 5 8 27
BLANKS 115 146 137 151 140 689
TOTAL 420 419 500 453 413 2205
BOARD OF HEALTH
ADAM E. GEDUTIS 298 294 362 328 259 1541
WRITE INS 0 5 4 4 4 17
BLANKS 122 120 134 121 150 647
TOTAL 420 419 500 453 413 2205
TOWN CLERK
MARGARET M. STRUZIK 333 314 390 338 290 1665
WRITE INS 1 4 4 4 3 16
BLANKS 86 101 106 111 120 524
TOTAL 420 419 500 453 413 2205
PUBLIC SAFETY BLDG
YES 249 215 252 240 228 1184
NO 160 191 230 198 158 937
BLANKS 11 13 18 15 27 84
TOTAL 420 419 500 453 413 2205
LIBRARY TRUSTEE
STEPHANIE M. CICIOTTI 235 225 306 268 227 1261
LINDA MARIE MacDONALD 212 236 278 233 202 1161
MAARY DEBRA VANRIPER 191 149 189 199 192 920
WRITE INS 2 8 2 4 2 18
BLANKS 200 220 225 202 203 1050
TOTAL 840 838 1000 906 826 4410
PLANNING BOARD
SCOTT PAUL MARTINO 281 259 345 287 253 1425
WRITE INS 1 3 2 5 4 15
BLANKS 138 157 153 161 156 765
TOTAL 420 419 500 453 413 2205
CONSTABLE
ANDRAEA C. McETTRICK 301 282 364 307 266 1520
WRITE INS 1 3 2 2 2 10
BLANKS 118 134 134 144 145 675
TOTAL 420 419 500 453 413 2205
SCHOOLD COMMITTEE 
MICHAEL E. QUINN 288 288 366 312 264 1518
WRITE INS 0 5 3 6 9 23
BLANKS 132 126 131 135 140 664
TOTAL 420 419 500 453 413 2205
SCHOOL COMMITTEE
DAVID R. BOYLE 206 229 284 241 199 1159
LANCE DAVID KENNEDY 181 147 220 202 178 928
ALLISON GLENNON 171 165 193 214 205 948
ADAM CHRISTIAN MURPHY 105 108 129 115 101 558
WRITE INS 2 3 1 2 4 12
BLANKS 175 186 173 132 139 805
TOTAL 840 838 1000 906 826 4410
WATER COMMISSIONER
RICHARD J. NICHOLSON 281 265 360 296 251 1453
All results WRITE INS 3 3 4 3 1 14
unofficial BLANKS 136 151 136 154 161 738
until TOTAL 420 419 500 453 413 2205
certified HOUSING AUTHORITY
with the THOMAS BERRY 280 270 356 297 249 1452
Secretary WRITE INS 2 2 3 3 4 14
of State's BLANKS 138 147 141 153 160 739
Office. TOTAL 420 419 500 453 413 2205
3 YEAR TERM     1 SEAT
PEMBROKE TOWN ELECTION MAY 13, 2023
3 YEAR TERM     1 SEAT
3 YEAR TERM     1 SEAT
3 YEAR TERM 1 SEAT
YES OR NO
3 YEAR TERM     1 SEAT
3 YEAR TERM     2 SEATS
5 YEAR TERM     1 SEAT
5 YEAR TERM 1 SEAT
3 YEAR TERM 2 SEATS
3 YEAR TERM     1 SEAT
1 YEAR TERM TO FILL VACANCY     1 SEAT