OFFICIAL RESULTS
ANNUAL TOWN ELECTION - 5/17/2025 PLYMOUTH, MA
PRECINCT 1 PRECINCT 2 PRECINCT 3 PRECINCT 4 PRECINCT 5 PRECINCT 6 PRECINCT 7 PRECINCT 8 PRECINCT 9 PRECINCT 10 PRECINCT 11 PRECINCT 12 PRECINCT 13 PRECINCT 14 PRECINCT 15 PRECINCT 16 PRECINCT 17 PRECINCT 18 TOTAL
Registered Voters 2467 2580 2742 2656 2708 3079 2934 3091 2716 3027 3041 2664 3121 3123 4184 3013 3815 1938 52899
Ballots Cast 287 444 513 472 394 574 396 387 313 502 405 288 456 409 861 606 424 394 8125
MODERATOR
FRANK STEVEN TRIFFLETTI 206 321 341 319 264 402 264 276 222 362 315 225 332 277 580 398 313 271 5688
Other write ins 2 4 5 7 6 3 4 2 3 5 0 7 2 7 2 3 2 2 66
Times Blank Voted 79 119 167 146 124 169 128 109 88 135 90 56 122 125 279 205 109 121 2371
Total Votes 287 444 513 472 394 574 396 387 313 502 405 288 456 409 861 606 424 394 8125
SELECT BOARD
BILL KEOHAN 179 258 325 298 196 300 224 201 193 274 198 191 221 204 532 390 287 242 4713
JOHN T. MAHONEY JR. 89 148 154 136 161 206 125 155 123 201 141 107 162 138 222 142 111 126 2647
CHARLIE BLETZER 70 133 110 121 140 192 122 114 84 151 152 69 160 100 173 131 94 128 2244
DEB IAQUINTO 115 206 241 229 146 235 159 147 117 196 153 111 159 178 509 359 228 133 3621
SCOTT M. VECCHI 63 84 84 48 73 103 95 69 49 86 113 60 106 107 106 89 75 82 1492
Other write-ins 3 1 2 1 1 4 0 0 1 2 0 2 3 0 2 1 1 1 25
Times Blank Voted 55 58 110 111 71 108 67 88 59 94 53 36 101 91 178 100 52 76 1508
Total Votes 574 888 1026 944 788 1148 792 774 626 1004 810 576 912 818 1722 1212 848 788 16250
SCHOOL COMMITTEE 3 YEARS
MICHAELA ANN DER KINDEREN 119 169 187 176 141 210 137 124 103 178 156 118 177 135 294 173 154 118 2869
HUNTER YOUNG 93 130 131 130 110 175 125 106 108 149 117 83 141 130 224 158 123 129 2362
LUIS ALBERTO PIZANO 168 270 296 254 227 305 215 214 163 313 245 169 233 205 477 348 240 205 4547
PAUL SAMARGEDLIS 92 151 177 152 115 193 158 157 117 161 150 126 133 206 312 287 185 142 3014
Other write-ins 3 4 2 1 2 2 2 2 3 1 0 2 1 1 1 3 0 1 31
Times Blank Voted 99 164 233 231 193 263 155 171 132 202 142 78 227 141 414 243 146 193 3427
Total Votes 574 888 1026 944 788 1148 792 774 626 1004 810 576 912 818 1722 1212 848 788 16250
SCHOOL COMMITTEE 1 YEAR
DEBORAH RAE DUGAN 97 156 152 145 123 204 144 118 126 173 144 100 175 136 225 176 127 152 2673
CHRISTINA CHARLYN BRYANT 134 211 248 216 155 242 166 175 137 212 189 142 172 201 438 321 219 154 3732
Other write-ins 1 3 1 0 2 4 1 1 1 0 3 0 1 3 0 0 0 1 22
Times Blank Voted 55 74 112 111 114 124 85 93 49 117 69 46 108 69 198 109 78 87 1698
Total Votes 287 444 513 472 394 574 396 387 313 502 405 288 456 409 861 606 424 394 8125
REDEVELOPMENT AUTHORITY
ARTHUR THOMAS DESLOGES 201 295 338 305 258 384 248 243 199 330 284 223 288 254 657 400 295 261 5463
Other write-ins 2 0 3 2 3 5 3 2 4 3 1 3 2 2 2 1 5 3 46
Times Blank Voted 84 149 172 165 133 185 145 142 110 169 120 62 166 153 202 205 124 130 2616
Total Votes 287 444 513 472 394 574 396 387 313 502 405 288 456 409 861 606 424 394 8125
PLANNING BOARD 5 YEARS
TIMOTHY JAMES GRANDY 188 294 299 287 244 358 227 227 203 333 273 195 287 250 531 355 264 236 5051
Other write-ins 3 2 3 4 4 5 6 10 4 5 0 8 4 3 0 1 4 3 69
Times Blank Voted 96 148 211 181 146 211 163 150 106 164 132 85 165 156 330 250 156 155 3005
Total Votes 287 444 513 472 394 574 396 387 313 502 405 288 456 409 861 606 424 394 8125
PLANNING BOARD 1 YEAR
FRANCIS FREDERICK MAND 145 221 282 241 182 240 190 160 145 262 185 139 200 170 413 339 195 215 3924
THOMAS ALLEN JACINTHO JR 101 148 153 140 129 236 140 164 126 168 169 113 164 178 278 184 176 119 2886
Other write-ins 3 3 1 2 0 7 1 1 1 1 1 2 0 0 0 1 1 1 26
Times Blank Voted 38 72 77 89 83 91 65 62 41 71 50 34 92 61 170 82 52 59 1289
Total Votes 287 444 513 472 394 574 396 387 313 502 405 288 456 409 861 606 424 394 8125
HOUSING AUTHORITY
LISA B. REILLY 192 294 323 295 256 368 239 236 209 325 287 207 284 248 541 361 284 248 5197
Other write-ins 1 0 3 1 1 5 2 2 1 4 0 2 0 1 0 1 2 1 27
Times Blank Voted 94 150 187 176 137 201 155 149 103 173 118 79 172 160 320 244 138 145 2901
Total Votes 287 444 513 472 394 574 396 387 313 502 405 288 456 409 861 606 424 394 8125

OFFICIAL RESULTS
ANNUAL TOWN ELECTION - 5/17/2025 PLYMOUTH, MA
PRECINCT 1 PRECINCT 2 PRECINCT 3 PRECINCT 4 PRECINCT 5 PRECINCT 6 PRECINCT 7 PRECINCT 8 PRECINCT 9 PRECINCT 10 PRECINCT 11 PRECINCT 12 PRECINCT 13 PRECINCT 14 PRECINCT 15 PRECINCT 16 PRECINCT 17 PRECINCT 18 TOTAL
Registered Voters 2467 2580 2742 2656 2708 3079 2934 3091 2716 3027 3041 2664 3121 3123 4184 3013 3815 1938 52899
Ballots Cast 287 444 513 472 394 574 396 387 313 502 405 288 456 409 861 606 424 394 8125
QUESTION 1
YES 131 188 204 193 179 223 151 191 141 223 178 107 196 204 378 237 177 173 3474
NO 141 223 279 252 191 314 232 181 156 255 210 171 238 189 408 329 230 201 4200
Times Blank Voted 15 33 30 27 24 37 13 15 16 24 17 10 22 16 75 40 17 20 451
Total Votes 287 444 513 472 394 574 396 387 313 502 405 288 456 409 861 606 424 394 8125
QUESTION 2
YES 249 379 455 427 334 485 356 339 254 423 343 253 396 353 750 516 385 337 7034
NO 23 35 33 33 32 52 29 33 42 53 43 22 33 39 47 56 23 28 656
Times Blank Voted 15 30 25 12 28 37 11 15 17 26 19 13 27 17 64 34 16 29 435
Total Votes 287 444 513 472 394 574 396 387 313 502 405 288 456 409 861 606 424 394 8125
TOWN MEETING MEMBERS PRECINCT 1
CHRISTINE K. PRATT 198 198
KEVIN F. LEARY 196 196
LEONARD JOSEPH VAZ 193 193
Robert Zupperoli (write-in) 3 3
Other write-ins 5 5
Times Blank Voted 266 266
Total Votes 861 861
TOWN MEETING MEMBERS PRECINCT 2 - 3 YEARS
MATTHEW AARON TAVARES 314 314
JOHN W. PINTO 309 309
THOMAS A. PINTO 300 300
Other write-ins 4 4
Times Blank Voted 405 405
Total Votes 1332 1332
TOWN MEETING MEMBERS PRECINCT 2 - 1 YEAR
HARRISON PHILIP QUINN 299 299
SHAWN KENNETH IRELAND 295 295
Other write-ins 1 1
Times Blank Voted 293 293
Total Votes 888 888
TOWN MEETING MEMBERS PRECINCT 3
BILL KEOHAN 392 392
LAURENCE ROBERT PIZER 325 325
MICHAEL F. BABINI 320 320
Lauren Bechtold (write-in) 11 11
Christine Silva (write-in) 3 3
Other write-ins 13 13
Times Blank Voted 475 475
Total Votes 1539 1539
TOWN MEETING MEMBERS PRECINCT 4 - 3 YEARS
ALAN PAUL COSTA 307 307
KATHLEEN CONLON DUNN 300 300
VIRGINIA RUTH DAVIS 311 311
Paula Harris (write-in) 2 2
Other write-ins 11 11
Times Blank Voted 485 485
Total Votes 1416 1416

OFFICIAL RESULTS
ANNUAL TOWN ELECTION - 5/17/2025 PLYMOUTH, MA
PRECINCT 1 PRECINCT 2 PRECINCT 3 PRECINCT 4 PRECINCT 5 PRECINCT 6 PRECINCT 7 PRECINCT 8 PRECINCT 9 PRECINCT 10 PRECINCT 11 PRECINCT 12 PRECINCT 13 PRECINCT 14 PRECINCT 15 PRECINCT 16 PRECINCT 17 PRECINCT 18 TOTAL
Registered Voters 2467 2580 2742 2656 2708 3079 2934 3091 2716 3027 3041 2664 3121 3123 4184 3013 3815 1938 52899
Ballots Cast 287 444 513 472 394 574 396 387 313 502 405 288 456 409 861 606 424 394 8125
TOWN MEETING MEMBER PRECINCT 4 - 2 YEARS
DAVID B. PECK 315 315
Other write-ins 5 5
Times Blank Voted 152 152
Total Votes 472 472
TOWN MEETING MEMBERS PRECINCT 5 - 3 YEARS
MICHAEL JOSEPH LEARY 268 268
Michael Malone (write-in) 14 14
Lindsay Bascom (write-in) 4 4
Sheila Sinclair (write-in) 4 4
Other write-ins 12 12
Times Blank Voted 880 880
Total Votes 1182 1182
TOWN MEETING MEMBER PRECINCT 5 - 2 YEARS
Michael Malone (write-in) 6 6
Holly Alberti (write-in) 2 2
Mike Levenson (write-in) 2 2
Anthony Aiello (write-in) 2 2
Other write-ins 10 10
Times Blank Voted 372 372
Total Votes 394 394
TOWN MEETING MEMBERS PRECINCT 6 - 3 YEARS
THOMAS MARTIN KELLEY 355 355
PETER BRADFORD GELLAR JR 432 432
COLLEEN ANN COUGHLIN 369 369
Laura Enos (write-in) 4 4
Other write-ins 15 15
Times Blank Voted 547 547
Total Votes 1722 1722
TOWN MEETING MEMBER PRECINCT 6 - 1 YEAR
Kelsey Malone (write-in) 5 5
Lawrence Gay (write-in) 3 3
Other write-ins 59 59
Times Blank Voted 507 507
Total Votes 574 574
TOWN MEETING MEMBERS PRECINCT 7 - 3 YEARS
SUSAN E. PAGE 250 250
KENDRA LYNN OBRIEN 247 247
Stephanie Eberhart (write-in) 7 7
Nathan Brown (write-in) 2 2
Gavin Shanahan (write-in) 2 2
Christopher Foley (write-in) 2 2
William Farmer (write-in) 2 2
Other write-ins 24 24
Times Blank Voted 652 652
Total Ballots 1188 1188

OFFICIAL RESULTS
ANNUAL TOWN ELECTION - 5/17/2025 PLYMOUTH, MA
PRECINCT 1 PRECINCT 2 PRECINCT 3 PRECINCT 4 PRECINCT 5 PRECINCT 6 PRECINCT 7 PRECINCT 8 PRECINCT 9 PRECINCT 10 PRECINCT 11 PRECINCT 12 PRECINCT 13 PRECINCT 14 PRECINCT 15 PRECINCT 16 PRECINCT 17 PRECINCT 18 TOTAL
Registered Voters 2467 2580 2742 2656 2708 3079 2934 3091 2716 3027 3041 2664 3121 3123 4184 3013 3815 1938 52899
Ballots Cast 287 444 513 472 394 574 396 387 313 502 405 288 456 409 861 606 424 394 8125
TOWN MEETING MEMBER PRECINCT 7 - 2 YEARS
BETH A. GRAGG 266 266
Other write-ins 7 7
Times Blank Voted 123 123
Total Ballots 396 396
TOWN MEETING MEMBER PRECINCT 7 - 1 YEAR
JAY DUNCAN FERGUSON 251 251
Other write-ins 6 6
Times Blank Voted 139 139
Total Ballots 396 396
TOWN MEETING MEMBERS PRECINCT 8
JEANNETTE EISNOR MCKAY 253 253
TERESA MARIE MCKENNA 249 249
HERBERT GEORGE MCKAY 253 253
Other write-ins 4 4
Times Blank Voted 402 402
Total Votes 1161 1161
TOWN MEETING MEMBERS PRECINCT 9
JASON DAVID PLATT 209 209
ANDREA JEANNE NEDLEY 221 221
MICHELLE-ANNE IRMEN CHRISTENSEN 213 213
Other write-ins 8 8
Times Blank Voted 288 288
Total Votes 939 939
TOWN MEETING MEMBERS PRECINCT 10
FRANK D. FEGER 239 239
JOEL COFFIN 227 227
LISA JANN LANTAGNE 206 206
STEVEN DONALD LANTAGNE 123 123
ALAN M. COSTELLO 260 260
Other write-ins 13 13
Times Blank Voted 438 438
Total Votes 1506 1506
TOWN MEETING MEMBERS PRECINCT 11 - 3 YEARS
CHRISTOPHER L. MERRILL 280 280
MICHELLE LOUISE ARNOLD 292 292
Joyce Poremski (write-in) 2 2
Anne-Marie Ross (write-in) 2 2
Peter Lunt (write-in) 2 2
Other write-ins 16 16
Times Blank Voted 621 621
Total Votes 1215 1215
TOWN MEETING MEMBERS PRECINCT 11 - 2 YEARS
RONALD EMERSON CLARKE 297 297
Anne-Marie Ross (write-in) 2 2
Other write-ins 14 14
Times Blank Voted 497 497
Total Votes 810 810

OFFICIAL RESULTS
ANNUAL TOWN ELECTION - 5/17/2025 PLYMOUTH, MA
PRECINCT 1 PRECINCT 2 PRECINCT 3 PRECINCT 4 PRECINCT 5 PRECINCT 6 PRECINCT 7 PRECINCT 8 PRECINCT 9 PRECINCT 10 PRECINCT 11 PRECINCT 12 PRECINCT 13 PRECINCT 14 PRECINCT 15 PRECINCT 16 PRECINCT 17 PRECINCT 18 TOTAL
Registered Voters 2467 2580 2742 2656 2708 3079 2934 3091 2716 3027 3041 2664 3121 3123 4184 3013 3815 1938 52899
Ballots Cast 287 444 513 472 394 574 396 387 313 502 405 288 456 409 861 606 424 394 8125
TOWN MEETING MEMBERS PRECINCT 12
PATRICIA NOREEN ADELMANN 219 219
TERESE A. BRENNAN 215 215
AMY LITTLE HEINE 208 208
Chris Ayers (write-in) 4 4
Other write-ins 9 9
Times Blank Voted 209 209
Total Votes 864 864
TOWN MEETING MEMBERS PRECINCT 13 - 3 YEARS
ALBERT JOHN MCCHESNEY JR. 287 287
SUSAN MARIE WENTWORTH 267 267
Paul Blanchard (write-in) 23 23
Amy Goldberg (write-in) 9 9
Dan Gorczyca (write-in) 3 3
Other write-ins 18 18
Times Blank Voted 761 761
Total Votes 1368 1368
TOWN MEETING MEMBER PRECINCT 13 - 1 YEAR
Paul Blanchard (write-in) 24 24
Elyse Glyn (write-in) 8 8
Rita Fiorillo (write-in) 5 5
Other write-ins 27 27
Times Blank Voted 392 392
Total Votes 456 456
TOWN MEETING MEMBERS PRECINCT 14
CARMELINA G. STEARNS 255 255
KAREN MARIE KEANE 246 246
Michael Hertz (write-in) 52 52
Mark Steven Richards (write-in) 3 3
Other write-ins 32 32
Times Blank Voted 639 639
Total Votes 1227 1227
TOWN MEETING MEMBERS PRECINCT 15
JAN MARIE DEMPSEY 613 613
JOSEPH MARINO 584 584
MICHAEL LITTLE WITHINGTON 565 565
Arthur Schiff (write-in) 13 13
Other write-ins 11 11
Times Blank Voted 797 797
Total Votes 2583 2583
TOWN MEETING MEMBERS PRECINCT 16
NANCY P. BARBOUR 391 391
BRUCE RICHARD HOWARD 387 387
KENNETH STONE 446 446
Matthew Begley (write-in) 3 3
Other write-ins 6 6
Times Blank Voted 585 585
Total Votes 1818 1818

OFFICIAL RESULTS
ANNUAL TOWN ELECTION - 5/17/2025 PLYMOUTH, MA
PRECINCT 1 PRECINCT 2 PRECINCT 3 PRECINCT 4 PRECINCT 5 PRECINCT 6 PRECINCT 7 PRECINCT 8 PRECINCT 9 PRECINCT 10 PRECINCT 11 PRECINCT 12 PRECINCT 13 PRECINCT 14 PRECINCT 15 PRECINCT 16 PRECINCT 17 PRECINCT 18 TOTAL
Registered Voters 2467 2580 2742 2656 2708 3079 2934 3091 2716 3027 3041 2664 3121 3123 4184 3013 3815 1938 52899
Ballots Cast 287 444 513 472 394 574 396 387 313 502 405 288 456 409 861 606 424 394 8125
TOWN MEETING MEMBERS PRECINCT 17
JOSEPH W. HUTCHINSON JR. 298 298
WILLIAM MICHAEL LICATA 300 300
ALBERT JOSEPH DINARDO 267 267
Jason Fernald (write-in) 2 2
Angelo Esposito (write-in) 2 2
Other write-ins 8 8
Times Blank Voted 395 395
Total Votes 1272 1272
TOWN MEETING MEMBERS PRECINCT 18
JANICE ELAINE BLANCHARD 258 258
SETH MICHAEL BACHMAN 231 231
ANDREW S. CARTER 258 258
Other write-ins 6 6
Times Blank Voted 429 429
Total Votes 1182 1182