OFFICIAL Precinct 1 Precinct 2 Precinct 3 Precinct 4 Precinct 5 Precinct 6 Precinct 7 Precinct 8 Precinct 9 Precinct 10 Precinct 11 Precinct 12 Total
Total Machine Counted Ballots 244 195 273 245 237 213 233 255 214 223 268 277 2877
Total Hand Counted Ballots 0 2 5 2 2 3 1 0 2 0 1 2 20
Total Ballots 244 197 278 247 239 216 234 255 216 223 269 279 28975
Councillor At Large - Vote for NO more than FIVE Precinct 1 Precinct 2 Precinct 3 Precinct 4 Precinct 5 Precinct 6 Precinct 7 Precinct 8 Precinct 9 Precinct 10 Precinct 11 Precinct 12 Total
William Alexopoulos 144 111 144 124 146 127 139 156 126 140 164 193 1714
Ryan Egan 133 91 122 141 146 122 123 121 100 114 136 149 1498
James F. Burgess, Jr. 111 91 121 112 105 100 113 127 116 103 151 156 1406
Richard A. Brewer, Jr 123 91 117 108 131 104 105 124 100 112 135 140 1390
Natacha J. Clerger 106 100 157 110 100 79 96 132 93 108 125 129 1335
Cynthia Strong 109 91 127 106 105 71 100 107 76 94 99 103 1188
Miochy Lamour 38 39 63 63 54 34 45 48 38 49 49 39 559
George D. Magazine, Jr. 48 28 57 45 50 42 52 55 42 37 53 38 547
No Preference 0 0 0 0 0 0 0 0 0 0 0 0 0
Scattered write ins 0 4 4 5 9 21 6 7 0 16 7 5 84
Blanks 408 339 478 421 349 380 391 398 389 342 426 443 4764
Total Votes ( Including Blanks) 1220 985 1390 1235 1195 1080 1170 1275 1080 1115 1345 1395 14485
Councillor - Vote for ONE Precinct 1 Precinct 2 Precinct 3 Precinct 4 Precinct 5 Precinct 6 Precinct 7 Precinct 8 Precinct 9 Precinct 10 Precinct 11 Precinct 12 Total
Ken Clifton (District 1) 175 153 212 - - - - - - - - - 540
Jesse Gordon (District 2) - - - - - - 147 169 135 - - - 451
Katrina M. Huff - Larmond (District 3) - - - 165 162 131 - - - - - - 458
Christos Alexopoulos (District 4) - - - - - - - - - 164 195 209 568
Scattered write ins 2 3 0 9 5 4 8 4 4 - 4 6 49
Blanks 67 41 66 73 72 81 79 82 77 59 70 64 831
Total Votes ( Including Blanks) 244 197 278 247 239 216 234 255 216 223 269 279 2897
School Committee - Vote for NO more than SIX Precinct 1 Precinct 2 Precinct 3 Precinct 4 Precinct 5 Precinct 6 Precinct 7 Precinct 8 Precinct 9 Precinct 10 Precinct 11 Precinct 12 Total
Andrea E. Nixon 134 96 137 142 124 115 122 143 108 127 166 162 1576
Cheryl A. Frazier 133 112 148 121 126 103 115 149 112 119 152 154 1544
Lisa A. Millwood 125 92 134 126 114 106 130 138 111 120 153 159 1508
Ida V. Gordon 132 110 148 108 108 87 114 141 123 120 151 151 1493
Jaime E. Ackles 95 83 124 109 105 86 106 121 94 94 140 127 1284
Allaphia Sackeena Richards 91 77 115 81 96 65 95 111 83 79 113 99 1105
Yahaira Lopez 13 13 15 11 15 0 13 12 7 3 8 1 111
Scattered write ins 0 3 3 4 3 6 7 7 3 0 5 9 50
Blanks 875 692 981 922 867 843 824 851 763 803 892 974 10287
Total Votes ( Including Blanks) 1464 1182 1668 1482 1434 1296 1404 1530 1296 1338 1614 1674 17382
Trustees of Stetson Fund - Vote for NO more than THREE Precinct 1 Precinct 2 Precinct 3 Precinct 4 Precinct 5 Precinct 6 Precinct 7 Precinct 8 Precinct 9 Precinct 10 Precinct 11 Precinct 12 Total
Henry M. Cooke, IV 183 140 194 175 171 152 169 180 148 159 200 198 2069
Judith S. Gangel 153 116 177 155 142 133 135 155 122 131 180 180 1779
Scattered write ins 2 4 4 2 6 5 14 6 3 3 4 6 59
Blanks 394 331 459 409 398 358 384 424 375 376 423 453 4784
Total Votes ( Including Blanks) 732 591 834 741 717 648 702 765 648 669 807 837 8691
Question 1 - Debt Exclusion Precinct 1 Precinct 2 Precinct 3 Precinct 4 Precinct 5 Precinct 6 Precinct 7 Precinct 8 Precinct 9 Precinct 10 Precinct 11 Precinct 12 Total
Yes 109 109 147 151 122 95 109 132 108 123 141 138 1484
No 117 73 113 80 106 116 103 103 89 73 113 119 1205
Blanks 18 15 18 16 11 5 22 20 19 27 15 22 208
Total Votes ( Including Blanks) 244 197 278 247 239 216 234 255 216 223 269 279 2897
Question 2 - Marijuana Precinct 1 Precinct 2 Precinct 3 Precinct 4 Precinct 5 Precinct 6 Precinct 7 Precinct 8 Precinct 9 Precinct 10 Precinct 11 Precinct 12 Total
Yes 102 86 118 121 114 105 104 115 107 94 129 119 1314
No 128 99 143 117 112 106 117 128 98 115 129 146 1438
Blanks 14 12 17 9 13 5 13 12 11 14 11 14 145
Total Votes ( Including Blanks) 244 197 278 247 239 216 234 255 216 223 269 279 2897Calculation 2 for Balancing to Zero (Candidate & WriteIn Total) 230 185 261 238 226 211 221 243 205 209 258 265 2752
Town Election - November 2, 2021