PREC. 1 PREC. 2 PREC. 3 TTL
VOTE 2
426 536 600 1562
MURPHY 410 493 612 1515
225 354 385 964
PORTER 219 379 393 991
0 2 3 5
52 74 103 229
1332 1838 2096 5266
VOTE 1
491 697 768 1956
1 9 6 16
BLANKS 174 213 274 661
TOTAL 666 919 1048 2633
VOTE 2
KORSLUND 384 556 606 1546
SIMMONS 377 515 626 1518
5 7 5 17
BLANKS 566 760 859 2185
TOTAL 1332 1838 2096 5266
TRUSTEE OF PUBLIC LIBRARY
VOTE 1
SHARFSTEIN 502 731 807 2040
WRITE-INS 148 5 4 157
BLANKS 16 183 237 436
TOTAL 666 919 1048 2633
SCHOOL COMMITTEE
VOTE 2
ALTIERI 423 583 671 1677
OAKS 420 583 660 1663
WRITE-INS 0 4 5 9
BLANKS 489 668 760 1917
TOTAL 1332 1838 2096 5266
HOUSING AUTHORITY
VOTE 1
RING 178 265 287 730
SOUZA 448 593 639 1680
WRITE-INS 1 3 3 7
BLANKS 39 58 119 216
TOTAL 666 919 1048 2633
MODERATOR
VOTE 1
278 369 392 1039
SULLIVAN 330 475 572 1377
4 4 2 10
BLANKS 54 71 82 207
TOTAL 666 919 1048 2633
Reg Voted %
PRECINCT ONE 1489 666 44.73% TIME IN: 9:34PM
PRECINCT TWO 2145 919 42.84% TIME IN: 9:34PM
PRECINCT THREE 2511 1048 41.74% TIME IN: 9:31PM
   TOTAL 6145 2633 42.85%
WRITE-INS
WRITE-INS
BROWN
ASSESSOR OF TAXES
WRITE-INS
PLANNING BOARD
TRUPIANO
UNOFFICIAL
TOWN OF ROCKPORT
LOCAL ELECTION
MAY 9, 2023
BOARD OF SELECTMEN
BRACKETT
WRITE-INS
BLANKS
TOTAL
FAVALORO