ELECTION RESULTS FOR LOCAL ELECTION 5-13-2025
ROCKPORT, MA
OFFICIAL RESULTS
SELECT BOARD Precinct 1 Precinct 2 Precinct 3 Vote Total
JONATHAN E. LILJA 190 264 280 734
DWIGHT D. VALENTINE 226 272 436 934
Write-In 0 3 1 4
Blank 6 9 13 28
Total 422 548 730 1700
ASSESSOR OF TAXES Precinct 1 Precinct 2 Precinct 3 Vote Total
WILHELMINA MOORES 339 450 594 1383
Write-In 0 4 3 7
Blank 83 94 133 310
Total 422 548 730 1700
TOWN CLERK Precinct 1 Precinct 2 Precinct 3 Vote Total
MELANIE JANE WADDELL 388 502 654 1544
Write-In 0 3 6 9
Blank 34 43 70 147
Total 422 548 730 1700
HOUSING AUTHORITY Precinct 1 Precinct 2 Precinct 3 Vote Total
CAROL ELIZABETH MAXFIELD 326 428 570 1324
Write-Ins 0 3 1 4
Blank 96 117 159 372
Total 422 548 730 1700
PLANNING BOARD Precinct 1 Precinct 2 Precinct 3 Vote Total
PETER KUTTNER 297 394 532 1223
THOMAS MIKUS 306 369 513 1188
Write-Ins 0 6 4 10
Blank 241 327 411 979
Total 844 1096 1460 3400
LIBRARY TRUSTEE Precinct 1 Precinct 2 Precinct 3 Vote Total
PETER W. HANSCOM 173 317 340 830
RANDY ALAN HOCK 192 166 249 607
Write-Ins 0 5 2 7
Blank 57 60 139 256
Total 422 548 730 1700
SCHOOL COMMITTEE Precinct 1 Precinct 2 Precinct 3 Vote Total
TAMMIE TITELBAUM 316 428 555 1299
Write-Ins 1 9 3 13
Blank 105 111 172 388
Total 422 548 730 1700