Precinct 1 2 3 Total
Freeman J. Condon 209 101 131 441
Ronalee Ray-Parrott 305 283 271 859
Michael F. Colburn 290 376 303 969
Write Ins 2 6 7 15
Blanks 135 160 146 441
Total 941 926 858 2725
Precinct 1 2 3 Total
Jerry V. Klima 354 333 307 994
Write Ins 5 5 8 18
Blanks 112 125 114 351
Total 471 463 429 1363
Precinct 1 2 3 Total
Matthew Landers 249 258 236 743
Annie Bourne 20 17 15 52
Write Ins 1 1 0 2
Blanks 201 187 178 566
Total 471 463 429 1363
Precinct 1 2 3 Total
Paul L. Lees 189 127 122 438
Stephanie R. Vaccaro 136 177 162 475
Write Ins 0 0 0 0
Blanks 146 159 145 450
Total 471 463 429 1363
Precinct 1 2 3 Total
Erin D. Berger 224 167 170 561
Victoria A. Vatcher 193 246 215 654
Write Ins 0 0 0 0
Blanks 54 50 44 148
Total 471 463 429 1363
Precinct 1 2 3 Total
Yes 371 383 330 1084
No 84 61 81 226
Blanks 16 19 18 53
Total 471 463 429 1363
Precinct 1 2 3 Total
Yes 367 375 328 1070
No 92 68 82 242
Blanks 12 20 19 51
Total 471 463 429 1363
Precinct 1 Precinct 2 Precinct 3 Total
Total Votes Cast 471 463 429 1363
Total Registered Voters 2374 2300 2415 7089
Percentage 20% 20% 18% 19%
A True Copy Attest:  Melinda Morrison, Town Clerk
Moderator
Triton Regional School Committee-Newbury (3 year term)
TOWN OF SALISBURY -UNOFFICIAL RESULTS
ANNUAL TOWN ELECTION-MAY 10, 2022
Selectman
Triton Regional School Committee-Salisbury (3 year term)
QUESTION 1
QUESTION 2
Police Officer-Town pay 1/2 of insurance premium for survivor
Triton Regional School Committee-Rowley (3 year term)
Firefighter-Town pay 1/2 of insurance premium for survivor