Precinct 1 2 3 Total
Donna Abdulla 329 244 192 765
Charles A. Takesian Jr. 337 267 197 801
Robert E. Roy Jr. 82 87 116 285
Write Ins 1 0 3 4
Blanks 63 62 74 199
Total 812 660 582 2054
Precinct 1 2 3 Total
Paul Goldner 184 143 124 451
Matthew Landers 96 107 93 296
Write Ins 0 0 0 0
Blanks 126 80 74 280
Total 406 330 291 1027
Precinct 1 2 3 Total
Nerissa Wallen 225 194 174 593
Write Ins 0 0 0 0
Blanks 181 136 117 434
Total 406 330 291 1027
Precinct 1 2 3 Total
Susannah M. Copland 227 184 173 584
Write Ins 0 0 0 0
Blanks 179 146 118 443
Total 406 330 291 1027
Precinct 1 2 3 Total
Linda M. Litcofsky 312 259 229 800
Write Ins 0 1 0 1
Blanks 94 70 62 226
Total 406 330 291 1027
Precinct 1 Precinct 2 Precinct 3 Total
Total Votes Cast 406 330 291 1027
Total Registered Voters 2659 2413 2160 7232
Percentage 15% 14% 13% 14%
A True Copy Attest
Melinda J. Morrison, Town Clerk
May 17, 2021
Triton Regional School Committee-Rowley (3 year term)
Triton Regional School Committee-Salisbury (3 year term)
Triton Regional School Committee-Rowley (2 year term)
Triton Regional School Committee-Newbury (3 year term)
Official Results
Town of Salisbury, Office of the Town Clerk, 5 Beach Rd, Salisbury, MA  01952
ANNUAL TOWN ELECTION
May 11, 2021
Selectman