I, Dolores Berge, hereby certify the results of the Annual Town Election held on April 12, 2021, at the 
Somersest Berkley Regional High School, as called for by Article 1 of the Annual Town Meeting Warrant.
Ballots Cast 571 603 558 506 557 2795
CANDIDATE PR  1 PR 2 PR 3 PR 4 PR 5 TOTALS 
SELECTMEN
DAVID BERUBE 186 195 211 117 115 824
ALLEN SMITH 376 399 340 383 434 1932
write ins 2 1 2 1 2 8
BLANKS 7 8 5 5 6 31
Totals 571 603 558 506 557 2795
0
ASSESSOR 3 YR - VOTE FOR 1
MARC DIONNE 433 433 413 389 408 2076
WRITE INS 2 8 3 1 5 19
Blanks 136 162 142 116 144 700
Totals 571 603 558 506 557 2795
0
SCHOOL COMMITTEE
VICTOR MACHADO 404 408 419 366 396 1993
WRITE INS 5 13 2 6 9 35
Blanks 162 182 137 134 152 767
Totals 571 603 558 506 557 2795
0
S/B REGIONAL
JULIE RAMOS GAGLIARDI 354 357 341 297 312 1661
MATTHEW PASTERNAK 180 211 164 174 177 906
other write ins 1 2 0 0 0 3
Blanks 36 33 53 35 68 225
Totals 571 603 558 506 557 2795
0
TRUSTEES OF THE PUBLIC LIBRARY - 3 YR - VOTE FOR 2
DAVID CUCINNOTTA 340 376 361 306 339 1722
ELIZABETH PONTE 408 418 393 375 353 1947
WRITE INS 2 9 1 0 16 28
Blanks 392 403 361 331 406 1893
Totals 1142 1206 1116 1012 1114 5590
0
WATER & SEWER COMM - 3 YR
Steven Cadorette 274 317 294 258 246 1389
Chris Carpenter 263 249 218 233 281 1244
WRITE INS 1 2 0 1 4
Blanks 33 35 46 15 29 158
Totals 571 603 558 506 557 2795
0
HOUSING AUTHORITY - 5 YR
MATTHEW ASPDEN 436 449 412 399 422 2118
WRITE INS 5 4 1 1 4 15
Blanks 130 150 145 106 131 662
Totals 571 603 558 506 557 2795
0

PLANNING BOARD  5 year - VOTE FOR 1
NICOLE MCDONALD 388 379 337 351 403 1858
LLOYD MENDES 150 190 180 136 128 784
WRITE INS 1 3 0 0 2 6
Blanks 32 31 41 19 24 147
Totals 571 603 558 506 557 2795
0
PLAYGROUND & RECREATION COMM - 5 YR - VOTE FOR 1
JEFFREY KARDEL 264 318 284 291 394 1551
JACK TICKEL 250 241 225 185 135 1036
WRITE INS 2 3 0 1 2 8
Blanks 55 41 49 29 26 200
Totals 571 603 558 506 557 2795
0
Registered Voters 13480
Ballots Cast 2795
Percentage 0.2073442
A true copy attest;
Dolores Berge, CMMC
Town Clerk - Chief Election Official