Official Town Election Results April 13, 2021
Moderator (3 yr) A B C D E TOTAL
John R. Hine 223 381 326 250 302 1482
Write Ins 3 5 4 6 1 19
Blank 70 142 137 89 117 555
296 528 467 345 420 2056
Selectboard (3 yr) A B C D E TOTAL
Jeffrey A. Cyr 167 298 296 169 242 1172
Trevor Baptiste 110 172 127 122 132 663
Carol P. Constant 149 285 243 193 226 1096
Renee M. Sweeney 129 216 174 140 163 822
Write Ins 2 1 1 0 3 7
Blank 35 84 93 66 74 352
592 1056 934 690 840 4112
School Committee (3 yr) A B C D E TOTAL
Danielle I. Cooke 166 258 237 194 223 1078
Jennifer M. Matos 159 298 224 199 207 1087
Brian J. Morris 108 176 163 87 166 700
Roxanne R. Sprague 104 192 182 117 164 759
Write Ins 1 0 1 0 2 4
Blank 54 132 127 93 78 484
592 1056 934 690 840 4112
Board of Health (3 yr) A B C D E TOTAL
Jessica J. Collins 229 390 314 245 289 1467
Write Ins 5 1 2 2 2 12
Blank 62 137 151 98 129 577
296 528 467 345 420 2056
Board of Health (1 yr) A B C D E TOTAL
Christine A. McKiernan 179 329 286 219 262 1275
Johanna E. Ravenhurst 163 294 210 177 220 1064
Adam Sprague 110 149 162 101 143 665
Write Ins 3 0 3 1 0 7
Blank 137 284 273 192 215 1101
592 1056 934 690 840 4112
Municipal Light Board (3 yr) A B C D E TOTAL
Gregory R. Dubreuil 174 273 220 179 234 1080
Peter McAvoy 112 217 177 139 195 840
Carl R. Cameron 116 202 168 107 144 737
Joel R. Patruno 100 173 174 123 131 701
Write Ins 0 0 0 0 1 1

Official Town Election Results April 13, 2021
Blank 90 191 195 142 135 753
592 1056 934 690 840 4112
Board of Assessors (3 yr) A B C D E TOTAL
Evelyn W. Masson 227 355 306 229 278 1395
Write Ins 0 0 3 2 1 6
Blank 69 173 158 114 141 655
296 528 467 345 420 2056
Housing Authority (5 yr) A B C D E TOTAL
John E. Duda 229 371 314 240 287 1441
Matthew S. Brunell 214 343 300 218 268 1343
Write Ins 2 0 2 0 1 5
Blank 147 342 318 232 284 1323
592 1056 934 690 840 4112
Housing Authority (4 yr) A B C D E TOTAL
M. Christine Blaney 233 367 338 230 284 1452
Write Ins 0 0 1 0 1 2
Blank 63 161 128 115 135 602
296 528 467 345 420 2056
Trustee Free Library (3 yr) A B C D E TOTAL
Mitchell B. Resnick 221 382 302 246 297 1448
Timna Tarr 217 361 278 221 276 1353
Lanette D. Sweeney 206 351 300 220 276 1353
Write Ins 1 2 2 0 1 6
Blank 243 488 519 348 410 2008
888 1584 1401 1035 1260 6168
Planning Board (3 yr) A B C D E TOTAL
Bradford S. Hutchison 204 336 282 229 267 1318
Michael T. Davis 204 355 289 229 276 1353
Write Ins 3 1 2 0 1 7
Blank 181 364 361 232 296 1434
592 1056 934 690 840 4112
Precinct A Town Meeting Members (3 yr)
Pauline L. Casey 228
Laurie A. Casolari 215
Leonard M. Finkowski 216
William E. Foley 224
Andrea G. Miles 217

Official Town Election Results April 13, 2021
Charles E. Miles 218
Adam Reid 156
Write In - Kenneth E. Jaffe 10
Write ins 17
Blank 867
TOTAL 2368
Precinct A Town Meeting Members (2 yr)
Write In - Abigail B Jaffe 9
Write ins 14
Blank 273
TOTAL 296
Precinct B Town Meeting Members (3 yr)
Diane M. LaRoche 300
Peter McAvoy 272
Jodi K. Miller 333
Scott R. Moore 273
Susan Newton 320
Nathan Therien 292
Deborah L. Bergeron 253
Stephen C. Frantz 232
Natasha Z. Matos 257
Amy J. Patruno 241
Write in 29
Blank 1422
TOTAL 4224
Precinct B Town Meeting Members (1 yr)
Write In - Neva Mason Tolopko 43
Write Ins 33
Blank 452
TOTAL 528
Precinct C Town Meeting Members (3yr)
Chelsea Beaudry 288
David J. King 275
Kenneth E. Kostek 285
Anthony J. Pluta 284
Christie A. Reardon 288
Tracie L. Rubeck 285
Robin C. Wagner 285
Daniel M. Vieu, Jr. 265

Official Town Election Results April 13, 2021
Write In 10
Blank 1471
TOTAL 3736
Precinct C Town Meeting Members (2 yr)
Write Ins 38
Write In - Kelley Anne Fike 9
Blank 420
TOTAL 467
Precinct D Town Meeting Members (3 yr)
Mark Cavanaugh 176
Harriet Corbin Finkel 179
Amy MG Foley 190
Margaret E. Jodoin 187
Patricia C. Kraske 158
Cynthia F. Pyle 190
Allison R. Schlachter 197
Barry CD Waite 184
Trevor Baptiste 174
William V. DeLuca 129
Write in 6
Blank 990
TOTAL 2760
Precinct E Town Meeting Members (3 yr)
Nicole L. Casolari 271
MP Chevy Chevrette 255
Kathleen S. Davis 265
Lawrence H. DuBois 260
Christopher F. Geraghty 266
Daniel J. Kelleher 268
Thomas G. Lake 256
Write In - Stephanie M. Strand 17
Write in 16
Blank 1486
TOTAL 3360
Precinct E Town Meeting Members (2 yr)
Write in 34
Write In - Peter Jesionowski 4
Blank 382
TOTAL 420

Official Town Election Results April 13, 2021
A B C D E TOTAL
Total Ballots Cast 296 528 467 345 420 2056
Total of Registered Voters 12,040
VOTER TURNOUT (%): 17.08%