2023 South Hadley Town Election Official Results 4/18/2023
Precinct A B C D E Total
Total Voters in Precinct 2695 2675 2881 1552 2744 12547
Total Voters in Election 360 530 491 294 491 2166
% of voter turnout 13% 20% 17% 19% 18% 17%
Selectboard A B C D E Totals
Nicole Casolari 306 450 396 226 402 1780
Andrea Miles 303 450 407 242 390 1792
Write-ins 14 7 7 2 10 40
Blank 97 153 172 118 180 720
Precinct Totals 720 1060 982 588 982 4332
School Committee A B C D E Totals
Lynda Pickbourn Smith 305 436 387 234 370 1732
Daniel Vieu (Write-in) 76 103 92 56 5 332
Lily Newman (Write-in) 1 4 1 6
Write-ins 13 13 5 2 81 114
Blank 325 508 498 292 525 2148
Precinct Total 720 1060 982 588 982 4332
School Committee A B C D E Totals
Lawrence Dixon 306 418 381 225 363 1693
Daniel Vieu (Write-in) 4 7 15 5 13 44
Write-ins 3 6 2 5 4 20
Blank 47 99 93 59 111 409
Precinct Total 360 530 491 294 491 2166
Board of Health A B C D E Totals
Gerald Judge 308 444 383 231 394 1760
Karen Pio 312 456 393 237 389 1787
Write-ins 4 3 3 1 3 14
Blank 96 157 203 119 196 771
Precinct Total 720 1060 982 588 982 4332
1,384 or 64% ballots cast prior to Election Day
782 or 36% ballots cast on Election Day
Voting Statistics
Vote for two - Three Year Term
South Hadley 2023 Town Election Results
Vote for two - Three Year Term
Selectboard
School Committee
Vote for one - One Year Term
Vote for two - Three Year Term
Board of Health
Early Voting Statistics

2023 South Hadley Town Election Official Results 4/18/2023
Municipal Light Board A B C D E Totals
John Hine 308 430 393 241 379 1751
Ronald Coutu (Write-in) 3 2 2 7
Write-ins 1 2 4 3 4 14
Blank 51 95 94 48 106 394
Precinct Total 360 530 491 294 491 2166
Municipal Light Board A B C D E Totals
Write in - Ronald Coutu 18 39 18 33 0 108
Write-ins 17 21 40 19 45 142
Blank 325 470 433 242 446 1916
Precinct Total 360 530 491 294 491 2166
Board of Assessors A B C D E Totals
Kevin Taugher 304 438 395 228 383 1748
Write-ins 4 3 3 1 4 15
Blank 52 89 93 65 104 403
Precinct Total 360 530 491 294 491 2166
Trustee Free Public Library A B C D E Totals
David Morrell 241 351 298 189 299 1378
Susan Obremski-Crowther 289 377 349 193 340 1548
Gillian Woldorf 253 332 317 169 322 1393
Anne Moore 165 259 219 142 196 981
Write-ins 1 1 1 0 5 8
Blank 131 270 289 189 311 1190
Precinct Total 1080 1590 1473 882 1473 6498
Planning Board A B C D E Totals
Diane Supczak-Mulvaney 308 430 397 223 382 1740
Nathan Therien 305 439 373 225 377 1719
Write-ins 0 5 4 4 2 15
Blank 107 186 208 136 221 858
Precinct Total 720 1060 982 588 982 4332
Municipal Light Board
Vote for one - Three Year Term
Vote for two - Three Year Term
Trustee Free Public Library
Vote for three - Three Year Term
Planning Board
Vote for one - One Year Term
Board of Assessors
Vote for one - Three Year Term

2023 South Hadley Town Election Official Results 4/18/2023 
Town Meeting Precinct A Totals
Regina Hall 296
Abigail Jaffe 303
Gena Lomelin 304
Hector Lomelin 302
Mitchel Malinowski, Jr. 299
Nina Nedrebo 3
Write-ins 28
Blank 1345
Precinct Total 2880
Town Meeting Precinct B Totals
Alexis Allen 432
Paul Dobosh 435
John Kelly 405
Kurt Schenker 417
Rudolf Ternbach 410
Thomas Terry 428
Rober Ouellette Jr 405
Theresa Walsh Jr 412
Write-ins 7
Blank 889
Precinct Total 4240
Town Meeting Precinct B Totals
James Bosman 424
Write-ins 1
Blank 105
Precinct Total 530
Town Meeting Precinct A
Vote for Eight - Three Year Term
Town Meeting Precinct B
Vote for Eight - Three Year Term
Vote for One - One Year Term

2023 South Hadley Town Election Official Results 4/18/2023 
Town Meeting Precinct C Totals
John Camp 373
Jeffrey Cyr 385
Kelley Fike 362
Eric Friesner 360
John Hine 377
Kevin Taugher 381
Michael Wozniak 363
Audrey Maney-Hernandez (Write-In) 13
Write-ins 39
Blank 1275
Precinct Total 3928
Town Meeting Precinct C Totals
Alfred Zuffoletti 392
Write-ins 3
Blank 96
Precinct Total 491
Town Meeting Precinct D Totals
Barbara Bristol 232
Richard Constant 218
Beverly Gagne 215
Peter Gagne 219
Stephen Hamlin 216
Marie Rohan 208
Michael Rosner 207
Joan Vohl Hamilton 195
Michelle Darling (Write-in) 13
Bradford Hutchinson (Write-in) 10
Blank 619
Precinct Total 2352
Vote for Eight - Three Year Term
Town Meeting Precinct D
Vote for One - Two Year Term
Town Meeting Precinct C
Vote for Eight - Three Year Term

2023 South Hadley Town Election Official Results 4/18/2023 
Town Meeting Precinct D Totals
Carlene Hamlin 225
Brad Hutchinson (Write-in) 25
Write-ins 5
Blank 39
Precinct Total 294
Town Meeting Precinct E Totals
Robert Berwick 372
Brian Cahillane 355
Marilyn Ishler 375
Gerald Judge 367
Linda Young 385
Michelle Therouz 363
Mark Adams (Write-in) 54
Kenneth Picotte (Write-in) 10
Write-ins 57
Blank 1590
Precinct Total 3928
Town Meeting Precinct E Totals
Michael Holmes 366
Mark Adams (Write-in) 11
Write-ins 8
Blank 106
Precinct Total 491
Vote for One - Two Year Term
Town Meeting Precinct E
Vote for Eight - Three Year Term
Vote for One - One Year Term
Town Meeting Precinct D