OFFICIAL Town of South Hadley - 2024 Town Election Results  3/5/24
Precinct A B C D E Total
Total Voters in Precinct 2796 2735 2950 1602 2806 12889
Total Voters in Election 654 893 875 527 853 3802
% of voter turnout 23% 33% 30% 33% 30% 30%
A B C D E Totals
John R Hine 552 706 696 413 706 3073
Write-in 3 5 6 3 4 21
Blank 99 182 173 111 143 708
Precinct Totals 654 893 875 527 853 3802
A B C D E Totals
Carol Constant 519 687 661 389 667 2923
Jeffrey A Cyr 499 670 667 383 647 2866
Write-in 7 8 12 5 7 39
Blank 283 421 410 277 385 1776
Precinct Totals 1308 1786 1750 1054 1706 7604
A B C D E Totals
Danielle I Cooke 493 645 631 363 632 2764
John P Witkowski 490 627 624 350 602 2693
Write-in 10 3 10 0 8 31
Blank 315 511 485 341 464 2116
Precinct Total 1308 1786 1750 1054 1706 7604
South Hadley 2024 Offical Town Election Results - 
March 5, 2024
Town Moderator
Vote for one - Three Year Term
Tally
Selectboard
Vote for two - Three Year Term
Tally
School Committee
Vote for two - Three Year Term
Tally
Voting Statistics
Early Voting Statistics 2,131 or 56% ballots cast via Early Voting
1,671 or 44% ballots cast on Election Day

OFFICIAL Town of South Hadley - 2024 Town Election Results  3/5/24
A B C D E Totals
Michael Rosner (Write-in) 6 15 7 26 17 71
John Crotty (Write-in) 0 0 6 0 1 7
Kenneth Jaffe (Write-in) 0 4 1 0 0 5
Herman Picard (Write-in) 0 0 5 0 0 5
All Other Write-ins 38 36 29 14 35 152
Blank 610 838 827 487 800 3562
Precinct Totals 654 893 875 527 853 3802
A B C D E Totals
Ronald Coutu 506 635 639 361 647 2788
Jeffrey Cyr (Write-in) 2 0 0 0 1 3
Charles Sabourin (Write-in) 0 0 3 0 0 3
All Other Write-ins 9 12 15 8 15 59
Blank 791 1139 1093 685 1043 4751
Precinct Total 1308 1786 1750 1054 1706 7604
A B C D E Totals
Anne Blaney-Perez (Write-in) 4 3 9 3 7 26
All Other Write-ins 23 25 31 12 22 113
Blank 627 865 835 512 824 3663
Precinct Total 654 893 875 527 853 3802
Tally
Municipal Light Board
Vote for two - Three Year Term
Tally
Housing Authority
Vote for one - Five Year Term
Tally
Failure to Elect One Position
Vote for one - Three Year Term
Board of Health

OFFICIAL Town of South Hadley - 2024 Town Election Results  3/5/24
A B C D E Totals
Evelyn Masson 491 627 637 362 619 2736
Write-in 0 1 4 1 4 10
Blank 163 265 234 164 230 1056
Precinct Total 654 893 875 527 853 3802
A B C D E Totals
Mitchell Barry Resnick 436 589 556 332 579 2492
Lanette Dawn Sweeney 460 600 588 333 557 2538
Timna Tarr 393 497 465 315 443 2113
Neil Michael Broome 236 283 309 141 327 1296
Write-in 4 5 3 0 1 13
Blank 433 705 704 460 652 2954
Precinct Total 1962 2679 2625 1581 2559 11406
A B C D E Totals
Bradford S Hutchison 479 602 584 347 608 2620
Robert Anthony Watchilla 492 603 604 355 612 2666
Write-in 1 3 4 3 5 16
Blank 336 578 558 349 481 2302
Precinct Total 1308 1786 1750 1054 1706 7604
Tally
Plannng Board
Vote for two - Three Year Term
Tally
Vote for three - Three Year Term
Board of Assessors
Vote for one - Three Year Term
Tally
Trustee Free Public Library

OFFICIAL Town of South Hadley - 2024 Town Election Results  3/5/24
A
Pauline Louise Casey 481
Laurie A Casolari 469
Leonard Michael Finkowski 465
William E Foley 480
Kenneth E Jaffe 464
Andrea G Miles 459
Charles E Miles 453
Adam Reid 452
Write-in 17
Blank 1492
Precinct Total 5232
A
Melissa Dresler 492
Tolly Stark (Write-in) 3
All Other Write-ins 25
Blank 788
Precinct Total 1308
B
Deborah L Bergeron 571
James Bruce Bosman 472
Diane M Laroche 546
Natasha Zebrowski Matos 517
Jodi K Miller 531
Scott R Moore 488
Susan Newton 541
Nathan Therien 464
Geradine De Berly 331
Leo P Labonte 353
Write-in 9
Blank 2321
Precinct Total 7144
Tally
Vote for eight - Three Year Term
Town Meeting - Precinct A
Vote for eight - Three Year Term
Tally
Town Meeting - Precinct A
Vote for two - Two Year Term
Tally
Town Meeting - Precinct B

OFFICIAL Town of South Hadley - 2024 Town Election Results  3/5/24
C
David John King 572
Kenneth E Kostek 574
Anthony J Pluta 597
Christie A Reardon 590
Daniel M Vieu, JR 577
John Ayers (Write-in) 6
Catherine Allen 5
Lauren Harvey 5
Marc Taylor 5
Morgan Terres 5
All Other Write-ins 70
Blank 4014
Precinct Total 7020
C
Laura Bruschi Friesner 601
Write-in 4
Blank 270
Precinct Total 875
C
Write-in 30
Blank 845
Precinct Total 875
Town Meeting - Precinct C
Vote for eight - Three Year Term
Tally
Town Meeting - Precinct C
Vote for one - Two Year Term
Tally
Town Meeting - Precinct C
Vote for one - One Year Term
Tally
Failure to Elect Two Positions
Failure to Elect One Position

OFFICIAL Town of South Hadley - 2024 Town Election Results  3/5/24
D
Mark Cavanaugh 354
Harriet Corbin Finkel 345
Margaret Elizabeth Jodoin 337
Allison R Schlachter 332
Barry CD Waite 349
Marc A Desrosiers 362
Ann M Stockton 335
Linda Sachs (Write-in) 36
Larry Dixon (Write-in) 9
Amy Foley (Write-in) 8
All Other Write-ins 18
Blank 1731
Precinct Total 4216
E
Nicole L Casolari 617
M P Chevy Cevrette 563
Kathleen S Davis 581
Christopher F Geraghty 592
Daniel J Kelleher 592
Thomas Gibson Lake 561
Lawrence Dubois (Write-in) 8
Sandra Zieminski (Write-in) 5
All Other Write-ins 49
Blank 3256
Precinct Total 6824
Tally
Town Meeting - Precinct E
Vote for eight - Three Year Term
Tally
Vote for eight - Three Year Term
Town Meeting - Precinct D

OFFICIAL Town of South Hadley - 2024 Town Election Results  3/5/24
A B C D E Totals
Yes 319 543 499 260 461 2082
No 211 168 219 150 226 974
Blank 124 182 157 117 166 746
Precinct Total 654 893 875 527 853 3802
Tally
Non-Binding Ballot Question
Shall the voters of the Town of South Hadley vote to petition the Prudential 
Committees of the two Fire/Water Districts to take whatever actions are necessary to 
complete a merger of Fire/Water District #2 into Fire District #1