6398
Select Board (2) Pct. 1 Pct. 2 Pct. 3 Pct. 4 Pct. 5 Pct. 6 Pct. 7 Totals 17794
Heidi A. Bilbo 341 337 436 317 442 409 412 2694
George E. Seibold 294 303 465 328 400 315 332 2437 35.96%
Terrence P. Dolan 182 239 284 244 317 278 266 1810
Ryan James Foreman 305 370 419 347 436 525 382 2784
Write-in 6 5 14 6 13 15 10 69
Blanks 334 370 500 384 522 456 436 3002
Total 1462 1624 2118 1626 2130 1998 1838 12796
Town Clerk Pct. 1 Pct. 2 Pct. 3 Pct. 4 Pct. 5 Pct. 6 Pct. 7 Totals
Maria Sagarino 527 571 767 571 786 715 678 4615
Write-in 4 13 4 8 10 7 7 53
Overvotes/Undervotes/Blanks200 228 288 234 269 277 234 1730
Total 731 812 1059 813 1065 999 919 6398
School Committee (1)Pct. 1 Pct. 2 Pct. 3 Pct. 4 Pct. 5 Pct. 6 Pct. 7 Totals
Gerald Lawrence Calisi II 158 181 251 161 220 233 233 1437
William Henry Fogarty II 161 188 239 202 315 204 195 1504
Cory A. Mashburn 308 294 376 286 346 361 309 2280
Write-in 3 4 5 3 6 5 4 30
Blanks 101 145 188 161 178 196 178 1147
Total 731 812 1059 813 1065 999 919 6398
Moderator Pct. 1 Pct. 2 Pct. 3 Pct. 4 Pct. 5 Pct. 6 Pct. 7 Totals
Jeanne Elizabeth Craigie 484 545 698 528 708 633 614 4210
Write-in 16 17 24 24 30 21 17 149
Blanks 231 250 337 261 327 345 288 2039
Total 731 812 1059 813 1065 999 919 6398
Board of Assessors Pct. 1 Pct. 2 Pct. 3 Pct. 4 Pct. 5 Pct. 6 Pct. 7 Totals
Eric R. Josephson 432 479 612 477 644 586 549 3779
Write-in 3 10 10 11 10 10 5 59
Blanks 296 323 437 325 411 403 365 2560
Total 731 812 1059 813 1065 999 919 6398
Planning Board Pct. 1 Pct. 2 Pct. 3 Pct. 4 Pct. 5 Pct. 6 Pct. 7 Totals
Brianna Rose Kelly 329 323 416 351 379 429 384 2611
William Robert Perry 236 293 371 249 427 341 325 2242
Write-in 4 2 4 3 5 1 6 25
Blanks 162 194 268 210 254 228 204 1520
Total 731 812 1059 813 1065 999 919 6398
Housing Authority Pct. 1 Pct. 2 Pct. 3 Pct. 4 Pct. 5 Pct. 6 Pct. 7 Totals
Kevin Charles McLaughlin 248 293 367 292 379 332 328 2239
Danielle M. Connolly 318 322 417 311 409 393 365 2535
Write-in 3 2 5 3 5 4 1 23
Blanks 162 195 270 207 272 270 225 1601
Total 731 812 1059 813 1065 999 919 6398
Board of Health Pct. 1 Pct. 2 Pct. 3 Pct. 4 Pct. 5 Pct. 6 Pct. 7 Totals
Leigh Marie Taylor 474 526 668 515 690 623 586 4082
Write-in 5 5 5 9 9 7 7 47
Blanks 252 281 386 289 366 369 326 2269
Total 731 812 1059 813 1065 999 919 6398
Library Trustee (2) Pct. 1 Pct. 2 Pct. 3 Pct. 4 Pct. 5 Pct. 6 Pct. 7 Totals
Patricia Marie Dipietro 474 500 663 516 685 628 594 4060
Susan Wldman Fixman 414 472 584 454 616 567 535 3642
Write-in 9 10 13 10 17 10 7 76
Blanks 565 642 858 646 812 793 702 5018
Total 1462 1624 2118 1626 2130 1998 1838 12796
Question ($14.6 override) Pct. 1 Pct. 2 Pct. 3 Pct. 4 Pct. 5 Pct. 6 Pct. 7 Totals
Yes 354 364 472 361 481 485 392 2909
No 373 445 583 441 570 503 517 3432
Blanks 4 3 4 11 14 11 10 57
Total 731 812 1059 813 1065 999 919 6398
APRIL 1, 2025 ANNUAL TOWN ELECTION OFFICIAL RESULTS

 