2028
Office/Candidate  17240
Select Board (2) Pct. 1 Pct. 2 Pct. 3 Pct. 4 Pct. 5 Pct. 6 Pct. 7 Totals
Blanks 98 67 124 70 106 88 97 650 11.76%
Raymie Glass Parker 201 152 244 142 175 173 186 1273 Turnout
Robert J. Lawler 140 92 185 134 161 167 176 1055
David P. Pignone, Jr. 145 117 197 130 188 146 142 1065
Write-in 0 0 4 2 4 2 1 13
Write-in 0
Total 584 428 754 478 634 576 602 4056
4056
School Committee-3 yr (2)Pct. 1 Pct. 2 Pct. 3 Pct. 4 Pct. 5 Pct. 6 Pct. 7 Totals
Blanks 113 83 106 82 126 100 96 706
Jaime M. Wallace 200 150 301 163 193 167 218 1392
Melanie Fiore 177 119 224 142 177 160 165 1164
George Georgountzos 92 76 122 90 137 148 122 787
Write-in 2 0 1 1 1 1 1 7
Total 584 428 754 478 634 576 602 4056
4056
School Committee-1 yr (1)Pct. 1 Pct. 2 Pct. 3 Pct. 4 Pct. 5 Pct. 6 Pct. 7 Totals
Blanks 56 32 51 29 72 47 45 332
Rati Chadhouri-Murray 81 93 97 96 116 108 121 712
Betty Chu Pryor 155 89 228 114 128 130 133 977
Write-in 0 0 1 0 1 3 2 7
Total 292 214 377 239 317 288 301 2028
2028
Library Trustees (2) Pct. 1 Pct. 2 Pct. 3 Pct. 4 Pct. 5 Pct. 6 Pct. 7 Totals
Blanks 221 145 272 142 220 176 181 1357
Kathryn Acton Fitzgerald 179 142 237 164 202 191 203 1318
Jane F. Francis 180 141 245 171 210 205 218 1370
Write-in 4 0 0 1 2 4 0 11
Total 584 428 754 478 634 576 602 4056
4056
Moderator Pct. 1 Pct. 2 Pct. 3 Pct. 4 Pct. 5 Pct. 6 Pct. 7 Totals
Blanks 81 59 118 65 94 78 84 579
Jeanne Elizabeth Craigie 204 154 254 171 207 204 215 1409
Write-in 7 1 5 3 16 6 2 40
Total 292 214 377 239 317 288 301 2028
2028
Board of Assessors Pct. 1 Pct. 2 Pct. 3 Pct. 4 Pct. 5 Pct. 6 Pct. 7 Totals
Blanks 94 56 114 67 100 80 71 582
Craig J. Celli 198 158 262 169 216 204 229 1436
Write-in 0 0 1 3 1 4 1 10
Total 292 214 377 239 317 288 301 2028
2028
Planning Board Pct. 1 Pct. 2 Pct. 3 Pct. 4 Pct. 5 Pct. 6 Pct. 7 Totals
Blanks 102 71 140 80 109 91 82 675
Frank A. Vallarelli 190 143 236 157 206 196 217 1345
Write-in 0 0 1 2 2 1 2 8
Total 292 214 377 239 317 288 301 2028
2028
Board of Health Pct. 1 Pct. 2 Pct. 3 Pct. 4 Pct. 5 Pct. 6 Pct. 7 Totals
Blanks 106 77 135 73 111 94 88 684
John J. Scullin 186 137 242 165 203 192 210 1335
Write-in 0 0 0 1 3 2 3 9
Total 292 214 377 239 317 288 301 2028
2028
Constable (3) Pct. 1 Pct. 2 Pct. 3 Pct. 4 Pct. 5 Pct. 6 Pct. 7 Totals
Blanks 309 221 383 234 329 298 283 2057
David B. Luciano 157 117 205 128 161 156 178 1102
Robert W. Nardone 154 128 211 142 177 159 171 1142
Robert W. Sweeney 160 103 194 129 185 143 173 1087
Jon Michael Chiavelli 91 73 137 80 97 106 98 682
Write-in 5 0 1 4 2 2 0 14
Total 876 642 1131 717 951 864 903 6084
6084
 
APRIL 6, 2021 ANNUAL TOWN ELECTION TALLY

 