LOCAL ELECTION
MAY 6 2025
OFFICIAL RESULTS
Precinct 
1
Precinct 
2
Precinct 
3
Precinct 
4
Precinct 
5
Precinct 
6 Total 
JARED S. CHADWICK 119 143 149 104 116 56 687
JOSEPH MICHAEL STILL 114 140 144 110 120 45 673
MARK R. SWAN 61 64 58 49 47 37 316
BLANKS 68 91 93 55 43 46 396
WRITE-IN 0 0 0 0 0 0 0
TOTAL 362 438 444 318 326 184 2072
Precinct 
1
Precinct 
2
Precinct 
3
Precinct 
4
Precinct 
5
Precinct 
6 Total 
RICHARD J. COLETTI 53 44 26 36 37 36 232
MARCUS SHEA GOMES 88 131 128 91 102 45 585
ROBERT A. POWILATIS 34 36 62 26 18 10 186
BLANKS 6 8 6 6 6 1 33
WRITE-IN 0 0 0 0 0 0 0
TOTAL 181 219 222 159 163 92 1036
Precinct 
1
Precinct 
2
Precinct 
3
Precinct 
4
Precinct 
5
Precinct 
6 Total 
ROGER T. BONIN 130 152 140 122 113 71 728
BLANKS 51 67 82 37 50 21 308
WRITE-IN 0 0 0 0 0 0 0
TOTAL 181 219 222 159 163 92 1036
May 6, 2025 Annual Election Offices
Two Seats Select Board Member for 3 yr term
One Seat School Committee for 3 yr term
One Seat Select Board Member for 2 yrs Unexpired term

LOCAL ELECTION
MAY 6 2025
OFFICIAL RESULTS
Precinct 
1
Precinct 
2
Precinct 
3
Precinct 
4
Precinct 
5
Precinct 
6 Total 
MARGARET A. ISHIHARA 143 157 164 124 123 71 782
BLANK 38 62 58 35 40 21 254
WRITE-IN 0 0 0 0 0 0 0
TOTAL 181 219 222 159 163 92 1036
Precinct 
1
Precinct 
2
Precinct 
3
Precinct 
4
Precinct 
5
Precinct 
6 Total 
DAVID HALBERSTADT 128 147 157 124 121 68 745
BLANK 53 72 65 35 42 24 291
WRITE-IN 0 0 0 0 0 0 0
TOTAL 181 219 222 159 163 92 1036
Precinct 
1
Precinct 
2
Precinct 
3
Precinct 
4
Precinct 
5
Precinct 
6 Total 
WALTER F. PASTER JR. 93 75 74 77 71 35 425
SCOTT DAVID SOBY 40 73 66 44 41 31 295
BLANK 48 71 82 38 51 26 316
WRITE-IN 0 0 0 0 0 0 0
TOTAL 181 219 222 159 163 92 1036
Precinct 
1
Precinct 
2
Precinct 
3
Precinct 
4
Precinct 
5
Precinct 
6 Total 
JAMES M. MUNISE 147 157 164 124 122 65 779
BLANK 34 62 58 35 41 27 257
WRITE-IN 0 0 0 0 0 0 0
TOTAL 181 219 222 159 163 92 1036
One Seat Housing Authority for 5 yr term
One Seat Board of Assessors for 3 yr term
One Seat Sewer User Commissioner for 3 yr term
Moderator for 3 yr term