GENERAL ELECTION
PRECINCT 1 PRECINCT 2 PRECINCT 3 PRECINCT 4 PRECINCT 5 PRECINCT 6 PRECINCT 7 PRECINCT 8 PRECINCT 9 PRECINCT 10 PRECINCT 11 PRECINCT 12 TOTAL
Registered voters 1917 2015 2182 2157 2444 2038 2160 2135 1931 2878 1933 1903 25693
Voters 404 472 647 636 490 344 608 612 333 747 457 419 6169
TOWN COUNCIL PRESIDENT AND MEMBER OF THE SCHOOL COMMITTEE
MARK SIDERIS 279 332 461 471 353 271 457 461 245 542 333 311 4516
Total number of write-ins 5 15 8 20 9 14 18 16 8 10 15 5 143
Times Blank Voted 120 125 178 145 128 59 133 135 80 195 109 103 1510
Total Ballots 404 472 647 636 490 344 608 612 333 747 457 419 6169
COUNCIL - AT- LARGE
JOHN AIRASIAN 214 228 257 298 223 156 319 288 162 466 306 260 3177
CAROLINE J. BAYS 207 303 408 403 284 189 307 309 188 238 159 181 3176
ANTHONY PALOMBA 198 298 409 406 303 189 304 332 195 260 173 184 3251
DANIEL D’AMICO 135 196 311 321 233 149 259 301 164 282 171 140 2662
JAMES L. MELLO 93 88 85 123 99 81 178 195 91 275 197 157 1662
MEGAN S. O’HALLORAN 139 161 157 177 155 116 236 243 126 371 250 218 2349
JOHN G. GANNON 170 232 303 355 281 170 287 304 182 304 152 176 2916
Total number of write-ins 1 2 1 4 1 4 5 0 1 1 2 1 23
Times Blank Voted 443 427 634 452 381 319 458 475 234 863 408 369 5463
Total Ballots 457 594 768 730 547 377 748 668 371 891 507 471 24679
DISTRICT A COUNCILLOR
NICOLE N. GARDNER 242 369 498 1109
MICHAEL J. HANLON, JR. 141 106 126 373
Total number of write-ins 2 0 1 3
Times Blank Voted 19 13 22 0
Total Ballots 404 488 647 1485
DISTRICT B COUNCILLOR
LISA J. FELTNER 425 305 194 924
TIFFANY YORK 149 158 132 439
Total number of write-ins 3 0 0 3
Times Blank Voted 64 27 19 110
Total Ballots 641 490 345 1476
DISTRICT C COUNCILLOR
VINCENT J. PICCIRILLI, JR. 427 437 227 1091
Total number of write-ins 23 17 16 56
Times Blank Voted 141 158 88 387
Total Ballots 591 612 331 1534
DISTRICT D COUNCILLOR
CONSTANCE S. HENRY 198 127 129 454
EMILY C. IZZO 515 309 271 1095
Total number of write-ins 0 0 0 0
Times Blank Voted 34 21 23 78
Total Ballots 747 457 423 1627
SCHOOL COMMITTEE
LILY RAYMAN-READ 172 238 327 337 273 174 278 294 158 235 157 182 2825
RACHEL E. KAY 139 221 311 253 176 122 176 189 156 167 110 107 2127

COLLEEN MAHONEY FAHERTY 100 113 98 119 98 88 178 193 85 270 180 183 1705
JENNIFER A. NICHOLSON 108 134 119 177 156 105 238 234 94 375 246 197 2183
AMY B. DONOHUE 183 199 248 296 200 176 315 295 156 377 254 225 2924
JESSICA D. MIDDLEBROOK 137 203 291 328 229 139 245 281 147 266 155 151 2572
Total number of write-ins 1 2 0 5 2 2 7 0 1 0 1 0 21
Times Blank Voted 361 337 525 378 336 217 344 345 200 623 262 221 4149
Total Ballots 439 553 721 687 528 359 711 645 349 867 491 456 18506
LIBRARY TRUSTEES
SARA A. KEARY 169 232 268 261 282 174 230 279 186 304 212 167 2764
ROSE MARY SU 191 228 340 280 225 143 248 263 176 319 186 158 2757
LEANNE HAMMONDS 218 266 350 384 293 209 358 375 198 397 247 230 3525
MAJA L. YOUNG 168 224 267 313 201 134 225 216 126 232 145 155 2406
Total number of write-ins 1 3 0 7 4 2 12 2 0 4 3 7 45
Times Blank Voted 450 482 686 637 465 367 674 687 308 1009 563 538 6866
Total Ballots 435 541 713 676 528 365 677 636 346 819 482 445 18363
BALLOT QUESTIONS
Times Blank Voted
Total Ballots
QUESTION 1
YES 224 307 416 368 308 202 294 309 208 321 214 208 3379
NO 138 158 191 229 152 121 254 282 118 399 221 192 2455
Times Blank Voted 42 23 40 41 30 22 61 24 7 27 22 21 360
Total Ballots 404 488 647 638 490 345 609 615 333 747 457 421 6194
QUESTION 2
YES 250 332 470 451 338 225 323 349 227 366 238 221 3790
NO 105 127 124 135 116 95 203 230 90 341 188 170 1924
Times Blank Voted 49 29 53 52 36 26 83 35 14 67 31 29 504
Total Ballots 404 488 647 638 490 346 609 614 331 774 457 420 6218