            
ANNUAL TOWN ELECTION
May 10,, 2022
TOWN OF WAYLAND            
Eligible Voters:   10,519
Total Votes Cast:    2,358
Percent of Voters:   22%
      PREC 1       PREC 2       PREC 3       PREC 4       TOTALS
BOARD OF SELECTMEN (1) 3 YR
Blanks 2 5 9 8 24
Thomas J. Fay 327 266 190 313 1096
Dovie King 145 109 100 109 463
Clifford Price Lewis 196 207 161 211 775
Write-Ins 0 0 0 0 0
TOTALS 670 587 460 641 2358
SCHOOL COMMITTEE (1) 3YR
Blanks 81 80 51 76 288
Erin Nicole Gibbons 365 373 294 394 1426
Craig W. Gruber 223 132 112 171 638
Write-Ins 1 2 3 0 6
TOTALS 670 587 460 641 2358
BOARD OF ASSESSORS (1)  3YR
Steven Paul Klitgord 415 355 275 399 1444
Blanks 251 228 183 242 904
Write-Ins 4 4 2 0 10
TOTALS 670 587 460 641 2358
LIBRARY TRUSTEES (2) 3 YR
Blanks 494 477 343 469 1783
Elaine K. Donnelly 417 348 286 384 1435
Elisa J. Scola 427 349 290 426 1492
Write-Ins 1 0 1 3 0
TOTALS 1339 1174 920 1282 4710
BOARD OF HEALTH (1) 3 YR
Blanks 243 217 175 224 859
Genevieve G. Anand 422 369 283 415 1489
Write-Ins 5 1 2 2 10
TOTALS 670 587 460 641 2358
BOARD OF HEALTH (1) 1 YR
Blanks 254 222 177 227 880
Robert Carnes Eyre 413 364 282 414 1473
Write-Ins 3 1 1 0 5
Totals 670 587 460 641 2358
      PREC 1       PREC 2       PREC 3       PREC 4       TOTALS
PLANNING BOARD (1) 5 YR
Blanks 585 514 407 569 2075
Write-In:  Anette Seltzer Lewis 24 27 13 26 90
Write-In:  no name/other 61 46 40 46 193
TOTALS 670 587 460 641 2358
BOARD OF PUBLIC WORKS (2) 3 YR
Blanks 518 479 370 534 1901
Michael Price Lowery 409 365 277 371 1422
Michal B. Wegerbauer 409 328 268 372 1377
Write-In: 4 2 5 5 16
TOTALS 1340 1174 920 1282 4716
RECREATION COMMISSIONER (2) 3 YR
Blanks 493 419 338 496 1746
Asa B. Foster 363 326 254 352 1295
Thurston Wright III 283 252 167 260 962
Frank Krasin 195 175 153 170 693
Write-Ins 6 2 8 4 20
TOTALS 1340 1174 920 1282 4716
COMMISSIONER OF TRUST FUNDS (1) 3 YR
Blanks 261 221 189 242 913
Adam Garrett Gutbezahl 406 365 269 398 1438
Write-Ins 3 1 2 1 7
TOTALS 670 587 460 641 2358
HOUSING AUTHORITY
Blanks 229 205 160 195 789
OFFICIAL

            
ANNUAL TOWN ELECTION
May 10,, 2022
TOWN OF WAYLAND            
Mary M. Antes 439 378 296 445 1558
Write-Ins 2 4 4 1 11
TOTALS 670 587 460 641 2358
      PREC 1       PREC 2       PREC 3       PREC 4       TOTALS
QUESTION No. 1
Blanks 35 37 24 31 127
YES 454 377 288 433 1552
NO 181 173 148 177 679
TOTALS 670 587 460 641 2358
QUESTION No 2
Blanks 36 36 22 36 130
YES 416 335 245 417 1413
NO 218 216 193 188 815
TOTALS 670 587 460 641 2358