TOWN OF WESTFORD
Annual Town Election
May 4, 2021
Official Results
PRECINCT 1 PRECINCT 2 PRECINCT 3 PRECINCT 4 PRECINCT 5 PRECINCT 6 TOTAL
Select Board (3 Year Term) - Vote for 1
Blanks 6 15 16 17 27 7 88
Eric R BARBER-MINGO 140 160 160 164 183 115 922
John H CUNNINGHAM 232 183 164 176 210 174 1139
Write Ins 0 1 0 0 1 0 2
TOTALS 378 359 340 357 421 296 2151
Board of Health (3 Year Term)-Vote for 1
Blanks 107 87 61 89 103 68 515
Joanne E BELANGER 270 270 278 265 318 228 1629
Write Ins 1 2 1 3 0 0 7
TOTALS 378 359 340 357 421 296 2151
Library Trustees (3 Year Term) - Vote for 2
Blanks 219 186 126 192 218 160 1101
Marianne C FLECKNER 269 262 284 265 313 219 1612
Alisha E HILLAM 268 266 270 254 311 213 1582
Write Ins 0 4 0 3 0 0 7
TOTALS 756 718 680 714 842 592 4302
Housing Authority (5 Year Term) - Vote for 1
Blanks 113 91 67 91 108 71 541
Carol S ENGEL 264 266 272 263 311 224 1600
Write Ins 1 2 1 3 2 1 10
TOTALS 378 359 340 357 421 296 2151
Planning Board (5 Year Term) - Vote for 1
Blanks 114 77 61 87 97 72 508
Katherine M HOLLISTER 262 280 275 263 318 223 1621
Write Ins 2 2 4 7 6 1 22
TOTALS 378 359 340 357 421 296 2151
School Committee (3 Year Term) - Vote for 3
Blanks 173 170 106 185 214 114 962
Avery Rockwell ADAM 159 134 152 141 165 101 852
Christopher P SANDERS 188 173 194 207 227 143 1132
Mingquan ZHENG 242 216 230 236 226 210 1360
Kathryn CLEAR 175 204 196 196 243 140 1154
Meghan F O'CONNELL 96 87 66 56 100 77 482
Steven D WILKINS 93 89 71 45 83 73 454
Write Ins 8 4 5 5 5 0 27
TOTALS 1134 1077 1020 1071 1263 858 6423
Question 1 - Vote for 1
Blanks 47 39 26 34 38 35 219
YES 267 259 263 280 332 194 1595
NO 64 61 51 43 51 67 337
TOTALS 378 359 340 357 421 296 2151
Total Registered Voters 3,090 3,200 2,989 3,169 2,908 2,798 18,154
Precinct Totals: 378 359 340 357 421 296 2151
Total Voter Turnout 12.2% 11.2% 11.4% 11.3% 14.5% 10.6% 11.8%