ANNUAL TOWN ELECTION OFFICIAL RESULTS
1 2 3 4 5 6 TOTAL
SELECT BOARD 2 Open Positions
Allen Edinberg 23 19 40 26 52 120 280
Patrick Welch 26 19 45 26 52 122 290
Blanks 5 8 11 8 22 28 82
Misc Write-Ins 0 0 0 0 2 0 2
54 46 96 60 128 270 654
SCHOOL COMMITTEE 3 2 Open Position
Stephen Doret 24 13 41 27 46 116 267
Steven Bachelor 25 17 43 24 49 120 278
Blanks 4 11 11 9 28 31 94
Boyd Conklin WRITE-IN 1 5 1 0 4 2 13
Misc Write-Ins 0 0 0 0 1 1 2
54 46 96 60 128 270 654
PLANNING BOARD 5 1 Open Position
Jonathan Pezzoni 23 19 41 26 53 120 282
Blanks 4 4 7 4 11 15 45
Misc Write-Ins: 0 0 0 0 0 0 0
27 23 48 30 64 135 327
TRUSTEES OF THE PUBLIC LIBRARY 3 3 Open Positions
Edward Baldwin 25 19 44 26 54 123 291
Kathleen Daly 25 18 44 26 54 122 289
Mary Ellen Johnston 25 19 43 26 55 122 290
Blanks 6 13 13 12 29 38 111
Misc Write-ins 0 0 0 0 0 0 0
TOTAL 81 69 144 90 192 405 981
WESTBOROUGH HOUSING AUTHORITY 2 1 Open Position
Julia O'Neil Welch 27 21 47 28 56 126 305
Blanks 0 2 1 2 8 9 22
Misc Write-ins 0 0 0 0 0 0 0
TOTAL 27 23 48 30 64 135 327
MEMORIALS TRUSTEE - VETERAN 3 1 Open Position
Blanks 22 13 45 24 57 126 287
John Gallinagh WRITE-IN 3 5 1 6 7 6 28
Misc Write-Ins 2 5 2 0 0 3 12
27 23 48 30 64 135 327
MEMORIALS TRUSTEE - NON Veteran 3 1 Open Position
Blanks 26 21 47 29 62 133 318
Misc Write-Ins 1 2 1 1 2 2 9
27 23 48 30 64 135 327
MEMORIALS TRUSTEE - VETERAN 2 1 Open Position
Blanks 23 17 46 24 56 129 295
Richard Passler - Write-in 4 5 2 5 7 5 28
Misc Write-Ins 0 1 0 1 1 1 4
27 23 48 30 64 135 327
MEMORIALS TRUSTEE - NON Veteran 2 1 Open Position
Blanks 27 21 47 26 61 133 315
Misc Write-Ins 0 2 1 4 3 2 12
27 23 48 30 64 135 327
MEMORIALS TRUSTEE - VETERAN 1 1 Open Position
Blanks 23 16 46 25 57 130 297
Brian Corcoran WRITE-IN 4 7 2 5 7 5 30
Misc Write-Ins 0 0 0 0 0 0 0
27 23 48 30 64 135 327
Voted 654 Wendy L. Mickel
Eligible 11,927 Town Clerk
% turnout 5.48% 3/8/2022
Total
Year Term
Total
Year Term
Total
Year Term
Total
Year Term
Total
Year Term
Year Term
Year Term
Total
Year Term
Total
Year Term
March 8, 2022
PRECINCTS
3 Year Term
Total