 
VOTE TAKEN AT THE ANNUAL TOWN ELECTION APRIL 25, 2023 
A total of 799 voters (Precinct 1-274, Precinct 2-284 and Precinct 3-241) cast ballots at the 
Annual Town Election.  This represents a 0.1217 percent voter turnout (6,563 total 
registered voters).  The following are the results: 
Moderator – 3 Years 
   Precinct 1   Precinct 2    Precinct 3      TOTAL 
Dana N. Altobelli 225 248 202 675 
     
     
     
     
Write-In 0 0 0 0 
Blanks 49 36 39 124 
     
TOTAL 274 284 241 799 
 
Select Board – 3 Years 
   Precinct 1   Precinct 2    Precinct 3      TOTAL 
Salvatore J. Albert 197 213 179 589 
Joseph Serio 19 14 12 45 
     
     
     
Write-In 0 0 0 0 
Blanks 58 57 50 165 
     
TOTAL 274 284 241 799 
 
Board of Health – 3 Years 
   Precinct 1   Precinct 2    Precinct 3      TOTAL 
Gwen Farley 46 62 54 162 
John Lutz 112 32 36 180 
Evan Croft 0 8 0 8 
     
     
Write-In 0 0 0 0 
Blanks 116 182 151 449 
     
TOTAL 274 284 241 799 
 
 
 
 
 

Town Clerk – 3 Years 
   Precinct 1   Precinct 2    Precinct 3      TOTAL 
Ellen M. Sheehan 217 229 205 651 
     
     
     
     
Write-In 0 0 0 0 
Blanks 57 55 36 148 
     
TOTAL 274 284 241 799 
 
Library Trustees (2) – 3 Years 
   Precinct 1   Precinct 2    Precinct 3      TOTAL 
Kimberly A. Samson 181 216 188 585 
Kimberly Brothers-
Caisse 
190 200 174 564 
     
     
     
Write-In 0 0 0 0 
Blanks 177 152 120 449 
     
TOTAL 548 568 482 1598 
 
Hager Park Commission – 3 Years 
   Precinct 1   Precinct 2    Precinct 3      TOTAL 
Alan J. Wiktorski 214 225 194 633 
     
     
     
Write-In 0 0 0 0 
Blanks 60 59 47 166 
     
TOTAL 274 284 241 799 
 
Planning Board (2) – 3 Years 
   Precinct 1   Precinct 2    Precinct 3      TOTAL 
Marie N. Auger 80 123 107 310 
Daniel T. Bartkus 73 111 93 277 
Michael A. Ferris 152 101 75 328 
Isaiah Grigos 194 157 130 481 
     
Write-In 0 0 0 0 
Blanks 49 76 77 202 
     
TOTAL 548 568 482 1598 
 

Planning Board (1) – 1 Year 
   Precinct 1   Precinct 2    Precinct 3      TOTAL 
Jaclyn M. Nally 180 205 165 550 
     
     
     
Write-In 0 0 0 0 
Blanks 94 79 76 249 
     
TOTAL 274 284 241 799 
 
Housing Authority – 5 Years 
   Precinct 1   Precinct 2    Precinct 3      TOTAL 
Brenda M. Albert 197 202 194 593 
     
     
     
Write-In 0 0 0 0 
Blanks 77 82 47 206 
     
TOTAL 274 284 241 799 
 
Housing Authority – 3 Years 
   Precinct 1   Precinct 2    Precinct 3      TOTAL 
Charles D. Pappas 197 206 178 581 
     
     
     
Write-In 0 0 0 0 
Blanks 77 78 63 218 
     
TOTAL 274 284 241 799 
 
Housing Authority – 1 Year 
   Precinct 1   Precinct 2    Precinct 3      TOTAL 
Zachary U. Banks 195 203 168 566 
     
     
     
Write-In 0 0 0 0 
Blanks 79 81 73 233 
     
TOTAL 274 284 241 799 
 
 
 

Constable – 3 Years 
   Precinct 1   Precinct 2    Precinct 3      TOTAL 
Steven L. Couture 206 215 197 618 
     
     
     
Write-In 0 0 0 0 
Blanks 68 69 44 181 
     
TOTAL 274 284 241 799 
 
Cemetery Commission – 3 Years 
   Precinct 1   Precinct 2    Precinct 3      TOTAL 
Shawn O’Leary 220 222 198 640 
     
     
     
Write-In 0 0 0 0 
Blanks 54 62 43 159 
     
TOTAL 274 284 241 799 
 
Cemetery Commission – 1 Year 
   Precinct 1   Precinct 2    Precinct 3      TOTAL 
Raymond J. Rathier 214 213 192 619 
     
     
     
Write-In 0 0 0 0 
Blanks 60 71 49 180 
     
TOTAL 274 284 241 799 
 
Regional School Committee (Westminster) (2) – 3 Years 
   Precinct 1   Precinct 2    Precinct 3      TOTAL 
Kimberly M. Russo 199 205 182 586 
Nadine N. Leger 196 213 175 584 
     
     
Write-In 0 0 0 0 
Blanks 153 150 125 428 
     
TOTAL 548 568 482 1598 
 
 
 

 
Regional School Committee (Ashburnham) (2) – 3 Years 
   Precinct 1   Precinct 2    Precinct 3      TOTAL 
Jeremey Smeltekop 145 157 102 404 
Laura B. St. Cyr 187 187 148 522 
Chris J. Couillard 12 17 20 49 
     
     
Write-In 0 0 0 0 
Blanks 204 207 212 623 
     
TOTAL 548 568 482 1598 
 
Question 1 (Non-Binding) 
   Precinct 1   Precinct 2    Precinct 3      TOTAL 
Yes 144 134 123 401 
No 100 125 98 323 
     
     
Blanks 30 25 20 75 
     
TOTAL 274 284 241 799 
 
Question 2 (Non-Binding) 
   Precinct 1   Precinct 2    Precinct 3      TOTAL 
Yes 128 142 120 390 
No 127 112 99 338 
     
     
Blanks 19 30 22 71 
     
TOTAL 274 284 241 799 
 
 
 
Respectfully submitted, 
 
 
Ellen M. Sheehan, CMMC 
Westminster  
 