TOWN OF WESTFORD
Annual Town Election
May 2, 2023
Official Results
PRECINCT 1 PRECINCT 2 PRECINCT 3 PRECINCT 4 PRECINCT 5 PRECINCT 6 PRECINCT 7 TOTAL
Select Board (3 Year Term) - Vote for 2
Blanks 189 164 183 169 162 149 181 1197
G Thomas CLAY 171 192 245 266 230 178 238 1520
Chris J BARRETT 180 196 245 276 241 183 246 1567
Write Ins 2 6 3 7 3 12 1 34
TOTALS 542 558 676 718 636 522 666 4318
Board of Health (3 Year Term)-Vote for 2
Blanks 151 123 154 138 136 115 137 954
Michele PITONIAK-CRAWFORD 152 169 201 234 195 149 223 1323
Maeghan HUGHES 124 144 190 199 169 122 184 1132
Alesia J RACZELOWISKI 112 119 131 145 136 133 122 898
Write Ins 3 3 0 2 0 3 0 11
TOTALS 542 558 676 718 636 522 666 4318
Moderator (3 Year Term)- Vote for 1
Blanks 69 58 64 61 54 46 70 422
Angela HARKNESS 200 218 273 295 263 212 263 1724
Write Ins 2 3 1 3 1 3 0 13
TOTALS 271 279 338 359 318 261 333 2159
Library Trustees (3 Year Term)- Vote for 2
Blanks 199 174 182 176 162 161 185 1239
Lynn CLERMONT 173 190 248 269 241 180 242 1543
Carloline ROACHE 168 192 246 269 232 178 239 1524
Write Ins 2 2 0 4 1 3 0 12
TOTALS 542 558 676 718 636 522 666 4318
Planning Board (5 Year Term)- Vote for 1
Blanks 83 82 88 94 86 78 91 602
Darrin WIZST 187 194 248 263 231 178 239 1540
Write Ins 1 3 2 2 1 5 3 17
TOTALS 271 279 338 359 318 261 333 2159
Planning Board (3 Year Term) - Vote for 1
Blanks 81 78 91 75 75 62 69 531
Joan C CROTEAU 189 198 247 282 242 195 264 1617
Write Ins 1 3 0 2 1 4 0 11
TOTALS 271 279 338 359 318 261 333 2159
School Committee (3 Year Term) - Vote for 2
Blanks 110 100 98 112 92 87 95 694
Valery YOUNG 182 181 248 259 222 159 239 1490
William Francis MCDONALD 175 195 237 266 238 179 254 1544
Meghan F O'CONNELL 73 80 92 80 82 91 78 576
Write-Ins 2 2 1 1 2 6 0 14
TOTALS 542 558 676 718 636 522 666 4318
Question 1 - Vote for 1
Blanks 13 13 11 20 7 7 17 88
YES 78 88 99 129 128 82 123 727
NO 180 178 228 210 183 172 193 1344
TOTALS 271 279 338 359 318 261 333 2159
Question 2 - Vote for 1
Blanks 11 12 10 11 7 5 10 66
YES 171 198 251 254 255 183 262 1574
NO 89 69 77 94 56 73 61 519
TOTALS 271 279 338 359 318 261 333 2159
Question 3 - Vote for 1
Blanks 5 6 3 4 5 3 12 38
YES 120 138 170 194 161 97 188 1068
NO 146 135 165 161 152 161 133 1053
TOTALS 271 279 338 359 318 261 333 2159
Total Registered Voters 2,388 2,518 2,746 2,373 2,510 2,829 2,923 18,287
Precinct Totals: 271 279 338 359 318 261 333 2159
Total Voter Turnout 11.3% 11.1% 12.3% 15.1% 12.7% 9.2% 11.4% 11.8%