TOWN OF WESTFORD
Annual Town Election
May 7, 2024
Unofficial Results
PRECINCT 1 PRECINCT 2 PRECINCT 3 PRECINCT 4 PRECINCT 5 PRECINCT 6 PRECINCT 7 TOTAL
Select Board (3 Year Term) - Vote for 1
Blanks 115 89 126 114 119 147 112 822
John H CUNNINGHAM 427 415 584 585 490 470 574 3545
Meghan Frances O'CONNELL 353 390 444 364 384 398 365 2698
Write Ins 3 7 5 2 2 5 3 27
TOTALS 898 901 1159 1065 995 1020 1054 7092
Board of Health (3 Year Term)-Vote for 1
Blanks 256 227 284 268 283 303 220 1841
Joanne E BELANGER 633 666 869 788 708 707 829 5200
Write Ins 9 8 6 9 4 10 5 51
TOTALS 898 901 1159 1065 995 1020 1054 7092
Housing Authority (1 Year Term)- Vote for 1
Blanks 245 207 277 253 279 299 229 1789
Patricia L DUBEY 643 688 871 806 710 712 820 5250
Write Ins 10 6 11 6 6 9 5 53
TOTALS 898 901 1159 1065 995 1020 1054 7092
Library Trustees (3 Year Term)- Vote for 2
Blanks 561 522 654 589 599 690 494 4109
Marianne Chiulli FLECKNER 611 634 830 768 679 662 796 4980
Deborah TEAL 614 632 819 768 703 673 801 5010
Write Ins 10 14 15 5 9 15 17 85
TOTALS 1796 1802 2318 2130 1990 2040 2108 14184
Planning Board (5 Year Term)- Vote for 1
Blanks 312 275 356 327 342 347 287 2246
Michael Edward BONENFANT 576 616 789 734 638 658 755 4766
Write Ins 10 10 14 4 15 15 12 80
TOTALS 898 901 1159 1065 995 1020 1054 7092
School Committee (3 Year Term) - Vote for 3
Blanks 712 649 802 773 786 877 662 5261
Kathryn Anne CLEAR 481 511 678 662 554 529 670 4085
Thomas Philip LAFLAMME 479 496 677 584 563 556 608 3963
Laurie J OLIVER 554 586 749 681 610 602 738 4520
Joseph Henry SPADANO 456 444 561 487 463 482 472 3365
Write-Ins 12 17 10 8 9 14 12 82
TOTALS 2694 2703 3477 3195 2985 3060 3162 21276
Question 1 - Vote for 1
Blanks 2 1 3 3 2 4 5 20
YES 394 391 488 526 389 398 542 3128
NO 502 509 668 536 604 618 507 3944
TOTALS 898 901 1159 1065 995 1020 1054 7092
Question 2 - Vote for 1
Blanks 8 4 4 4 6 7 8 41
YES 323 346 421 454 325 332 479 2680
NO 567 551 734 607 664 681 567 4371
TOTALS 898 901 1159 1065 995 1020 1054 7092
Total Registered Voters 2,432 2,613 2,799 2,406 2,568 2,910 3,013 18,741
Precinct Totals: 898 901 1159 1065 995 1020 1054 7092
Total Voter Turnout 36.9% 34.5% 41.4% 44.3% 38.7% 35.1% 35.0% 37.8%