April 9th, 2024 Annual Town Election Unofficial Results Write Ins to be determined
SELECT BOARD - 3 yr (2 Positions) AB C D E Total
Richard W. Brewer 327 573 337 352 532 2121
Craig J. Dutra 293 452 324 320 417 1806
Nancy Stanton-Cross 283 362 307 255 374 1581
Write Ins 1 4 2 2 3 12
Blanks 320 433 348 321 410 1832
TOTAL 1224 1824 1318 1250 1736 7352
ASSESSOR - 3 yr (1 Position)
Sue Ann McDermott 442 603 468 431 582 2526
WRITE INS 6 4 1 1 2 14
BLANKS 164 305 190 193 284 1136
TOTAL 612 912 659 625 868 3676
BOARD OF HEALTH - 3yr (1 Position)
Philip Weinberg 433 577 447 403 589 2449
WRITE INS 5 3 4 1 3 16
BLANKS 174 332 208 221 276 1211
TOTAL 612 912 659 625 868 3676
SCHOOL COMMITTEE - 3 yr (2 Positions) 
Jason J. Pacheco 474 562 487 437 571 2531
Christopher Thrasher 323 478 326 290 432 1849
WRITE INS 2 4 4 2 2 14
BLANKS 425 780 501 521 731 2958
TOTAL 1224 1824 1318 1250 1736 7352
BALLOT QUESTION
QUESTION 1.
YES 196 389 213 161 375 1334
NO 391 502 432 447 437 2209
BLANKS 25 21 14 17 56 133
TOTAL 612 912 659 625 868 3676
FISH COMMISSIONER -3 yr (1 Position)
WRITE INS 60 64 42 58 91 315
WRITE INS 0
BLANKS 552 848 617 567 777 3361
TOTAL 612 912 659 625 868 3676

LIBRARY TRUSTEE - 3 yr (2 Positions)
Laura Beth Bennett 417 558 418 380 546 2319
Donald G. Davidson Jr. 364 529 370 354 496 2113
WRITE INS 3 5 1 4 1 14
BLANKS 440 732 529 512 693 2906
TOTAL 1224 1824 1318 1250 1736 7352
PLANNING BOARD - 5 YR (1 Postion)
Robert Daylor 403 535 420 371 526 2255
WRITE INS 4 3 2 3 1 13
BLANKS 205 374 237 251 341 1408
TOTAL 612 912 659 625 868 3676
COMMISSIONER OF TRUST FUNDS - 3 YR (1 Position)
WRITE INS 34 46 24 36 39 179
BLANKS 578 866 635 589 829 3497
TOTAL 612 912 659 625 868 3676
LANDING COMMISSIONER - 3yr (2 Positions)
WRITE INS 27 38 26 30 59 180
BLANKS 1197 1786 1292 1220 1677 7172
TOTAL 1224 1824 1318 1250 1736 7352
LANDING COMMISSIONER - 1yr (1 Positions)
WRITE INS 20 19 18 19 27 103
BLANKS 592 893 641 606 841 3573
TOTAL 612 912 659 625 868 3676
HOUSING AUTHORITY - 5yr (1 Position)
Timothy Michael Cayton 387 474 395 333 468 2057
WRITE INS 0 5 2 3 0 10
BLANKS 225 433 262 289 400 1609
TOTAL 612 912 659 625 868 3676
HOUSING AUTHORITY - 2yr (1 Position)

WRITE INS 26 29 21 23 34 133
BLANKS 586 883 638 602 834 3543
TOTAL 612 912 659 625 868 3676
HOUSING AUTHORITY - 1yr (1 Position)
WRITE INS 20 14 21 13 17 85
BLANKS 592 898 638 612 851 3591
TOTAL 612 912 659 625 868 3676