TOWN OF WESTBOROUGH LOCAL ELECTION
Official Results
SELECT BOARD [1] PCT 1 PCT 2 PCT 3 PCT 4 PCT 5 PCT 6 TOTAL
Ian Johnson 94 125 162 199 417 552 1549
Misc Write-Ins 0 0 4 0 3 1 8
Blanks 19 19 33 33 84 67 255
Total 113 144 199 232 504 620 1812
MODERATOR [1] PCT 1 PCT 2 PCT 3 PCT 4 PCT 5 PCT 6 TOTAL
John Arnold 96 128 173 194 427 558 1576
Misc Write-Ins 0 0 0 1 3 2 6
Blanks 17 16 26 37 74 60 230
Total 113 144 199 232 504 620 1812
PLANNING BOARD - 5 yr [1] PCT 1 PCT 2 PCT 3 PCT 4 PCT 5 PCT 6 TOTAL
Hazel Nourse 98 122 161 190 416 548 1535
Misc Write-Ins 0 0 0 2 4 2 8
Blanks 15 22 38 40 84 70 269
Total 113 144 199 232 504 620 1812
PLANNING BOARD - 2 yr [1] PCT 1 PCT 2 PCT 3 PCT 4 PCT 5 PCT 6 TOTAL
John Gelcich 93 115 159 192 399 526 1484
Misc Write-Ins 0 1 0 3 4 4 12
Blanks 20 28 40 37 101 90 316
Total 113 144 199 232 504 620 1812
TOWN CLERK [1] PCT 1 PCT 2 PCT 3 PCT 4 PCT 5 PCT 6 TOTAL
Deborah Ledoux 102 127 176 202 436 557 1600
Misc Write-Ins 0 0 0 1 2 3 6
Blanks 11 17 23 29 66 60 206
Total 113 144 199 232 504 620 1812
Tuesday, March 14, 2023

SCHOOL COMMITTEE [2] PCT 1 PCT 2 PCT 3 PCT 4 PCT 5 PCT 6 TOTAL
Paula Mathieu 39 42 48 71 133 123 456
Jakub Moskal 76 111 154 188 386 522 1437
Sarah Shamsuddin 77 100 153 161 384 499 1374
Misc Write-Ins 0 1 0 3 4 2 10
Blanks 34 34 43 41 101 94 347
Total 226 288 398 464 1008 1240 3624
LIBRARY TRUSTEES - 3 yr [3] PCT 1 PCT 2 PCT 3 PCT 4 PCT 5 PCT 6 TOTAL
Debra Cushman 70 105 133 157 330 475 1270
Dorothy Mello 74 90 119 142 327 409 1161
Michael Karp 61 60 80 100 233 237 771
Julia Rissmiller 61 81 127 145 309 412 1135
Misc Write-Ins 0 1 0 2 2 7 12
Blanks 73 95 138 150 311 320 1087
Total 339 432 597 696 1512 1860 5436
LIBRARY TRUSTEES - 1 yr [1] PCT 1 PCT 2 PCT 3 PCT 4 PCT 5 PCT 6 TOTAL
Jeanine Mindrum 78 101 139 162 344 472 1296
Ciaran O'Donnell 23 30 43 52 112 106 366
Misc Write-Ins 0 1 0 1 1 0 3
Blanks 12 12 17 17 47 42 147
Total 113 144 199 232 504 620 1812
SOLDIERS MEM - vet [1] PCT 1 PCT 2 PCT 3 PCT 4 PCT 5 PCT 6 TOTAL
Brian Corcoran 97 128 162 190 420 544 1541
Misc Write-Ins 0 0 0 2 3 1 6
Blanks 16 16 37 40 81 75 265
Total 113 144 199 232 504 620 1812
SOLDIERS MEM - non-vet [1] PCT 1 PCT 2 PCT 3 PCT 4 PCT 5 PCT 6 TOTAL
Misc Write-Ins 2 8 15 8 39 26 98
Blanks 111 136 184 224 465 594 1714
Total 113 144 199 232 504 620 1812