OFFICIAL RESULTS
CANDIDATE PRECINCT A PRECINCT B PRECINCT C PRECINCT D TOTALS
448 349 392 521 1710
BOARD OF SELECTMEN 3yr vote 1 PRECINCT A PRECINCT B PRECINCT C PRECINCT D TOTALS
Marc E Ducey 356 287 298 440 1381
Write-ins 6 5 12 7 30
Blanks 86 57 82 74 299
PRECINCT TOTALS 448 349 392 521 1710
CLERK 3yr vote 1 PRECINCT A PRECINCT B PRECINCT C PRECINCT D TOTALS
Deborah M. Brennan 362 284 298 440 1384
Write-ins 0 0 1 3 4
Blanks 86 65 93 78 322
PRECINCT TOTALS 448 349 392 521 1710
MODERATOR 3yr vote 1 PRECINCT A PRECINCT B PRECINCT C PRECINCT D TOTALS
Jane E. Clark 368 285 306 445 1404
Write-ins 0 6 0 5 11
Blanks 80 58 86 71 295
PRECINCT TOTALS 448 349 392 521 1710
ASSESSOR 3yr vote 1 PRECINCT A PRECINCT B PRECINCT C PRECINCT D TOTALS
Lawrence G Labarbera 348 270 305 409 1332
Write-ins 0 1 3 5 9
Blanks 100 78 84 107 369
PRECINCT TOTALS 448 349 392 521 1710
HWRSD REGIONAL SCHOOL 3yr vote 2 PRECINCT A PRECINCT B PRECINCT C PRECINCT D TOTALS
Lisa A. Murray 315 252 262 384 1213
Timothy Thomas Collins 228 196 225 295 944
D John McCarthy 167 108 139 159 573
Write-ins 2 0 4 5 11
Blanks 184 142 154 199 679
PRECINCT TOTALS 896 698 784 1042 3420
CEMETERY COMMISIONER 3yr vote 1 PRECINCT A PRECINCT B PRECINCT C PRECINCT D TOTALS
Todd Michael Magill 345 279 278 422 1324
Write-ins 1 4 3 3 11
Blanks 102 66 111 96 375
PRECINCT TOTALS 448 349 392 521 1710
WATER COMMISIONER 3yr vote 1 PRECINCT A PRECINCT B PRECINCT C PRECINCT D TOTALS
James B Dunbar 341 280 285 419 1325
Write-ins 0 2 0 2 4
Blanks 107 67 107 100 381
PRECINCT TOTALS 448 349 392 521 1710
LIBRARY TRUSTEE 3yr vote 2 PRECINCT A PRECINCT B PRECINCT C PRECINCT D TOTALS
Karen M. Grycel 338 262 284 430 1314
Barbara Jeanne Galanek 279 209 212 296 996
Write-ins 1 5 1 7 14
Blanks 278 222 287 309 1096
PRECINCT TOTALS 896 698 784 1042 3420
PLANNING BOARD 5yr vote 1 PRECINCT A PRECINCT B PRECINCT C PRECINCT D TOTALS
Bradley Gregory 207 178 227 288 900
Mary E McCarthy 214 147 153 206 720
Write-ins 1 0 0 2 3
Blanks 26 24 12 25 87
PRECINCT TOTALS 448 349 392 521 1710
PRECINCT A PRECINCT B PRECINCT C PRECINCT D TOTALS
Total Reg Voters as of 05/07/2024 2951 2901 2859 3000 11711
Total Votes Cast on 5/18/2024 448 349 392 521 1710
Voter Turnout %: 15.18% 12.03% 13.71% 17.37% 14.60%
Town of Wilbraham
Official Election Results - Annual Town Election on 5/18/2024
Votes Cast: