OFFICE
PRESIDENT & VICE PRESIDENT PRECINCT 1 PRECINCT 2 PRECINCT 3 TOTAL
AYYADURAI AND ELLIS 5 2 8 15
DE LA CRUZ AND GARCIA 4 5 8 17
HARRIS AND WALZ 1260 369 1377 3006
OLIVER AND TER MAAT 4 2 10 16
STEIN AND CABALLERO-ROCA 13 12 15 40
TRUMP AND VANCE 203 40 252 495
WRITE INS 3 4 10 17
BLANKS 20 5 11 36
TOTAL 1512 439 1691 3642
SENATOR IN CONGRESS PRECINCT 1 PRECINCT 2 PRECINCT 3 TOTAL
ELIZABETH ANN WARREN 1223 372 1374 2969
JOHN DEATON 259 51 279 589
WRITE INS 2 1 5 8
BLANKS 28 15 33 76
TOTAL 1512 439 1691 3642
REPRESENTATIVE IN CONGRESS PRECINCT 1 PRECINCT 2 PRECINCT 3 TOTAL
RICHARD E. NEAL 1156 324 1268 2748
NADIA DONYA MILLERON 267 80 326 673
WRITE INS 2 2 0 4
BLANKS 87 33 97 217
TOTAL 1512 439 1691 3642
COUNCILLOR PRECINCT 1 PRECINCT 2 PRECINCT 3 TOTAL
TARA J. JACOBS 1227 349 1389 2965
WRITE INS 8 3 0 11
BLANKS 277 87 302 666
TOTAL 1512 439 1691 3642
SENATOR IN GENERAL COURT PRECINCT 1 PRECINCT 2 PRECINCT 3 TOTAL
PAUL W. MARK 1203 355 1335 2893
DAVID ROSA 208 35 244 487
WRITE-INS 1 0 1 2
BLANKS 100 49 111 260
TOTAL 1512 439 1691 3642
REPRESENTATIVE IN GENERAL COURTPRECINCT 1 PRECINCT 2 PRECINCT 3 TOTAL
JOHN BARRETT, III 1258 348 1386 2992
WRITE INS 11 4 6 21
BLANKS 243 87 299 629
TOTAL 1512 439 1691 3642
CLERK OF COURTS PRECINCT 1 PRECINCT 2 PRECINCT 3 TOTAL
GENERAL ELECTION - NOVEMBER 5, 2024 | WILLIAMSTOWN

LISA A. DENAULT-VIALE 1235 345 1387 2967
WRITE INS 8 0 1 9
BLANKS 269 94 303 666
TOTAL 1512 439 1691 3642
REGISTER OF DEEDS PRECINCT 1 PRECINCT 2 PRECINCT 3 TOTAL
MARIA T. ZIEMBA 1238 334 1368 2940
WRITE INS 4 0 1 5
BLANKS 270 105 322 697
TOTAL 1512 439 1691 3642
REGIONAL SCHOOL COM - LANESBORO (1)PRECINCT 1 PRECINCT 2 PRECINCT 3 TOTAL
URSULA MALOY 1056 289 1198 2543
WRITE INS 3 0 4 7
BLANKS 453 150 489 1092
TOTAL 1512 439 1691 3642
REGIONAL SCHOOL COM - WMST (2)PRECINCT 1 PRECINCT 2 PRECINCT 3 TOTAL
JULIA BOWEN 1099 296 1203 2598
JOSE ANTONIO CONSTANTINE 907 255 1070 2232
WRITE-INS 4 2 15 21
BLANKS 1014 325 1094 2433
TOTAL 3024 878 3382 7284
QUESTION 1 - AUDITOR PRECINCT 1 PRECINCT 2 PRECINCT 3 TOTAL
YES 893 250 1026 2169
NO 473 132 519 1124
BLANKS 146 57 146 349
TOTAL 1512 439 1691 3642
QUESTION 2 - MCAS PRECINCT 1 PRECINCT 2 PRECINCT 3 TOTAL
YES 792 238 1005 2035
NO 644 168 628 1440
BLANKS 76 33 58 167
TOTAL 1512 439 1691 3642
QUESTION 3 - DRIVER UNIONS PRECINCT 1 PRECINCT 2 PRECINCT 3 TOTAL
YES 910 291 1104 2305
NO 492 113 491 1096
BLANKS 110 35 96 241
TOTAL 1512 439 1691 3642
QUESTION 4 - MUSHROOMS PRECINCT 1 PRECINCT 2 PRECINCT 3 TOTAL
YES 532 196 747 1475
NO 892 215 874 1981
BLANKS 88 28 70 186
TOTAL 1512 439 1691 3642

QUESTION 5 - MINIMUM HOURLY WAGE TIPSPRECINCT 1 PRECINCT 2 PRECINCT 3 TOTAL
YES 756 279 875 1910
NO 670 130 734 1534
BLANKS 86 30 82 198
TOTAL 1512 439 1691 3642
QUESTION 6 - CPA PRECINCT 1 PRECINCT 2 PRECINCT 3 TOTAL
YES 910 291 1039 2240
NO 446 86 471 1003
BLANKS 156 62 181 399
TOTAL 1512 439 1691 3642