TOTAL  TALLY SHEET - OFFICIAL RESULTS
TOWN OF WILMINGTON - ANNUAL TOWN ELECTION
27-Apr-24
OFFICES AND CANDIDATES 1 1 EV 2 2 EV 3 3 EV 4 4 EV 5 5 EV 6 6 EV TOTALS OFFICES AND CANDIDATES
SELECTBOARD SELECTBOARD 
3 YEAR TERM 3 YEAR TERM
LILIA MASELLI 67 123 74 112 43 136 67 123 79 136 66 84 1110 LILIA MASELLI
ROBERT FASULO 5 0 8 0 7 0 11 1 10 1 21 0 64 ROBERT FASULO
TOTAL WRITE INS 11 6 11 3 7 1 14 1 15 3 30 1 103 TOTAL WRITE INS
BLANKS 6 8 12 8 2 7 13 10 19 6 9 1 101 BLANKS
Total Ballots 84 137 97 123 52 144 94 134 113 145 105 86 1314 Total Ballots
SCHOOL COMMITTEE SCHOOL COMMITTEE 
3 YEAR TERM 3 YEAR TERM
DAVID A. RAGSDALE 63 105 67 108 38 132 61 105 66 108 72 79 1004 DAVID A. RAGSDALE
NICHOLAS GOLDEN 70 113 71 91 39 115 68 107 80 108 65 71 998 NICHOLAS GOLDEN
OTHER WRITE INS 2 0 2 0 0 1 2 0 5 7 7 1 27 OTHER WRITE INS
BLANKS 33 56 54 47 27 40 57 56 75 67 66 21 599 BLANKS
Total Ballots 168 274 194 246 104 288 188 268 226 290 210 172 2628 Total Ballots
SHAWSHEEN VALLEY TECHNICAL 
HIGH SCHOOL COMMITTEE
SHAWSHEEN VALLEY TECHNICAL HIGH 
SCHOOL COMMITTEE
3 YEAR TERM 3 YEAR TERM
CHARLES R. FIORE JR. 77 130 83 115 47 140 81 125 98 136 84 82 1198 CHARLES R. FIORE JR.
OTHER WRITE INS 1 0 1 0 0 0 0 0 1 1 4 1 9 OTHER WRITE INS
BLANKS 6 7 13 8 5 4 13 9 14 8 17 3 107 BLANKS
Total Ballots 84 137 97 123 52 144 94 134 113 145 105 86 1314 Total Ballots
MODERATOR MODERATOR
3 YEAR TERM 3 YEAR TERM
JONATHAN RICHARD EATON 80 130 88 121 44 139 82 127 99 140 90 82 1222 JONATHAN RICHARD EATON

OTHER WRITE INS 1 0 1 0 0 0 5 0 2 2 5 1 17 OTHER WRITE INS
BLANKS 3 7 8 2 8 5 7 7 12 3 10 3 75 BLANKS
Total Ballots 84 137 97 123 52 144 94 134 113 145 105 86 1314 Total Ballots
TOTAL VOTES 84 137 97 123 52 144 94 134 113 145 105 86 1314 TOTAL VOTES
TURNOUT 3% 4% 3% 4% 2% 5% 3% 4% 4% 5% 3% 3% 7% TURNOUT
221