OFFICES AND CANDIDATES 1 2 3 4 5 6 TOTALS OFFICE AND CANDIDATES
BOARD OF SELECTMEN               BOARD OF SELECTMEN
3 YEAR TERM                
GARY B DEPALMA 105 98 63 96 98 98 558 GARY B DEPALMA
JAMES P DEFEO 63 67 40 83 81 67 401 JAMES P DEFEO
FRANK J WEST 92 102 69 113 94 103 573 FRANK J WEST
OTHER WRITE INS 2 2 0 2 5 5 16 OTHER WRITE INS
BLANKS 38 47 32 58 48 55 278 BLANKS
Total 300 316 204 352 326 328 1826  
                 
SCHOOL COMMITTEE               SCHOOL COMMITTEE - 3 YR
3 YEAR TERM                
JENNIFER BRYSON 111 111 70 115 121 118 646 JENNIFER BRYSON
MICHAEL P MERCALDI 112 98 72 124 119 121 646 MICHAEL P MERCALDI
OTHER WRITE INS 2 1 5 2 4 3 17 OTHER WRITE INS
BLANKS 75 106 57 111 82 86 517 BLANKS
Total 300 316 204 352 326 328 1826  
                 
                 
WILMINGTON HOUSING AUTHORITY               WILMINGTON HOUSING AUTHORITY
LOUIS CIMAGLIA IV 127 123 80 150 146 138 764 LOUIS CIMAGLIA IV
OTHER WRITE INS 1 2 3 0 2 3 11 OTHER WRITE INS
BLANKS 22 33 19 26 15 23 138 BLANKS
Total 150 158 102 176 163 164 913  
                 
Total Voters 2990 2916 2773 3012 2879 2953 17523 Total Voters
TOTAL VOTES 150 158 102 176 163 164 913 TOTAL VOTES
TURNOUT 5.02% 5.42% 3.68% 5.84% 5.66% 5.55% 5.21% TURNOUT
TOTAL  TALLY SHEET - OFFICIAL RESULTS
TOWN OF WILMINGTON - ANNUAL TOWN ELECTION
22-Apr-23