Registered Voters:  15185
% Turnout: 25%
TOWN OF WINCHESTER
ANNUAL ELECTION MARCH 30, 2021
Final Results
Weather: Sunny Dry 62
Total Ballots Cast by Precincts 542 362 600 540 479 483 530 295 3831
Precincts 1 2 3 4 5 6 7 8 Totals
HEATHER R VON MERING 366 240 390 340 287 338 327 214 2502
Blanks 176 122 210 200 192 145 203 81 1329
Write-Ins 0 0 0 0 0 0 0 0 0
Totals 542 362 600 540 479 483 530 295 3831
3831
Precincts 1 2 3 4 5 6 7 8 Totals
JOHN H STEVENS 82 86 113 62 40 49 76 41 549
RICHARD M MUCCI 208 156 298 289 252 280 324 165 1972
ROGER B WILSON JR 236 140 174 172 140 142 139 90 1233
MICHAEL BETTENCOURT 311 197 370 328 289 300 321 182 2298
Blanks 247 145 245 229 237 195 200 112 1610
Write-Ins 0 0 0 0 0 0 0 0 0
Totals 1084 724 1200 1080 958 966 1060 590 7662
7662
Precincts 1 2 3 4 5 6 7 8 Totals
PAUL MANGANARO 357 248 364 353 323 363 330 205 2543
Blanks 185 114 236 187 156 120 200 90 1288
Write-Ins 0 0 0 0 0 0 0 0 0
Totals 542 362 600 540 479 483 530 295 3831
3831
Precincts 1 2 3 4 5 6 7 8 Totals
MAUREEN QUILL PIMENTEL 182 131 217 219 198 179 238 95 1459
RUTH E TRIMARCHI 180 127 202 148 174 164 175 111 1281
KELLY L CORMEY 54 34 59 90 28 30 40 37 372
Blanks 126 70 122 83 79 110 77 52 719
Write-Ins 0 0 0 0 0 0 0 0 0
Totals 542 362 600 540 479 483 530 295 3831
3831
Moderator (one to be elected for one year)
Select Board (two to be elected for 3 years)
Assessor (one to be elected for 3 years)
Board of Health (one to be elected for 3 years)
Page 1

Registered Voters:  15185
% Turnout: 25%
TOWN OF WINCHESTER
ANNUAL ELECTION MARCH 30, 2021
Final Results
Weather: Sunny Dry 62
Precincts 1 2 3 4 5 6 7 8 Totals
SALLY K DALE 278 199 312 269 229 250 245 166 1948
ICHING KATIE SCOTT 265 193 307 278 217 226 243 150 1879
Blanks 541 332 581 533 512 490 572 274 3835
Write-Ins 0 0 0 0 0 0 0 0 0
Totals 1084 724 1200 1080 958 966 1060 590 7662
7662
Precincts 1 2 3 4 5 6 7 8 Totals
ALLISON KANGAS DE BELLALTA 187 150 287 191 193 184 232 125 1549
SHAMUS M BRADY 318 167 239 213 185 192 200 128 1642
THOMAS HOPCROFT 196 170 280 257 189 223 301 182 1798
JOANNA P BOYLAN 153 96 168 184 158 149 161 65 1134
Blanks 230 141 226 235 233 218 166 90 1539
Write-Ins 0 0 0 0 0 0 0 0 0
Totals 1084 724 1200 1080 958 966 1060 590 7662
7662
Precincts 1 2 3 4 5 6 7 8 Totals
JANE A MURRAY 324 226 364 321 291 316 321 190 2353
Blanks 218 136 236 219 188 167 209 105 1478
Write-Ins 0 0 0 0 0 0 0 0 0
Totals 542 362 600 540 479 483 530 295 3831
3831
School Committee (two to be elected for 3 years)
Library Board of Trustee (one to be elected for 3 years)
Planning Board (two to be elected for 3 years)
Page 2

Registered Voters:  15185
% Turnout: 25%
TOWN OF WINCHESTER
ANNUAL ELECTION MARCH 30, 2021
Final Results
Weather: Sunny Dry 62
Precincts 1 Totals
ENZO RASCIONATO 195 195
DAVID HEINOLD 216 216
SUSAN VERDICCHIO 305 305
ROBERT F DEERING 231 231
RICHARD HUMPHREY, JR 146 146
MAURA D SULLIVAN 282 282
CHRISTIAN D. NIXON 269 269
SHAMUS BRADY 312 312
DOUGLAS A MARMON 243 243
QUINN V SIMPSON 215 215
Blanks 1922 1922
Write-Ins 0 0
Totals 4336 4336
4336
Precincts 2 Totals
SUSAN CARNEY 202 202
JASON J LEE 202 202
BARBARA BOUQUEGNEAU 194 194
LAURA E COLELLA 213 213
GEORGE R NOWELL, JR 218 218
GEORGE R NOWELL 210 210
ANTHONY CONTE 215 215
WILL BE FILLED AT TOWN 
MEETING CAUCUS 0
Blanks 1442 1442
Write Ins 0 0
Totals 2896 2896
2896
Town Meeting Members Precinct 1 ( 8 to be elected for 3 years)
Town Meeting Members Precinct 2 (8 to be elected for 3 years)
Page 3

Registered Voters:  15185
% Turnout: 25%
TOWN OF WINCHESTER
ANNUAL ELECTION MARCH 30, 2021
Final Results
Weather: Sunny Dry 62
Precincts 3 Totals
THOMAS R HOWLEY 271 271
AMY POFTAK 214 214
JOHN H STEVENS 184 184
MAUREEN I MEISTER 205 205
KATHELLEN M BODIE 251 251
THEODORE MICHALSKI 79 79
CAREN M CONNELLY 273 273
JASON M LEWIS 351 351
RYAN MACKAY 113 113
KAREN CAPUTO 199 199
ROBIN VOS 243 243
CHARLES F KELLEY 103 103
SUSAN G MCPHEE 278 278
Blanks 2036 2036
Write-Ins 0 0
Totals 4800 4800
4800
Precincts 4 Totals
BETTINA S PARKS 259 259
MARYANN MCCALL TAYLOR 280 280
SALLY QUINN 299 299
MICHAEL RAUSEO 270 270
CANDACE W VAN AKEN 278 278
MARY KAY MCINTYRE 267 267
STEPHEN A BOKSANSKI 268 268
BHAVANA UPADHYAYA 274 274
Blanks 2125 2125
Write-Ins 0 0
Totals 4320 4320
4320
Town Meeting Members Precinct 3 (8 to be elected for 3 years)
Town Meeting Members Precinct 4 ( 8 to be elected for 3 years)
Page 4

Registered Voters:  15185
% Turnout: 25%
TOWN OF WINCHESTER
ANNUAL ELECTION MARCH 30, 2021
Final Results
Weather: Sunny Dry 62
Precincts 5 Totals
ROBERT L JOHNSON 184 184
WILLIAM A BAND 178 178
NIKOLAS CASAGRANDE 127 127
MELISSA MADDEN 177 177
RUTH E TRIMARCHI 213 213
TIMOTHY J NOLAN 221 221
JACQUILINE A WELCH 194 194
PHILIP A FRATTAROLI 182 182
AARON M KUTYLO 180 180
CAROL S SAVAGE 212 212
ERIC J KEOUGH 194 194
Blanks 1770 1770
Write-Ins 0 0
Totals 3832 3832
3832
Precincts 6 Totals
NOHA M SOLIMAN 201 201
JOHN R WISEMAN, IV 214 214
PATRICK MATTESON 148 148
IOANNIS D EVRIGENIS 215 215
JACK T CIULLA 155 155
MONICA A ROSS 240 240
JOAN W MILLER 195 195
FRANCIS A SABATINO 206 206
PAUL MANGANARO 253 253
MARGARET T MCINDOE 206 206
Blanks 1831 1831
Write-Ins 0 0
Totals 3864 3864
3864
Town Meeting Members Precinct 5 (8 to be elected for 3 years)
Town Meeting Members Precinct 6 ( 8 to be elected for 3 years)
Page 5

Registered Voters:  15185
% Turnout: 25%
TOWN OF WINCHESTER
ANNUAL ELECTION MARCH 30, 2021
Final Results
Weather: Sunny Dry 62
Precincts 7 Totals
CHRISTOPHER D CORVI 218 218
REBECCA C TELLEFSEN 251 251
ELIZAETH S SCHREIBER 182 182
BRYN E BUCK 209 209
JENNIFER HAEFELI 166 166
BRUCE D HICKEY 190 190
DEBORAH BRYANT DEPETER 255 255
CHRISTOPER C JONES 192 192
MEGAN BLACKWELL 163 163
MAGDALENA C FERRARI 268 268
Blanks 2146 2146
Write-Ins* 0 0
Total 4240 4240
4240
Precincts 7 Totals
MICHELLE A MCCARTHY 20 20
Blanks 510 510
Write-Ins 0 0
Total 530 530
530
Town Meeting Members Precinct 7 (8 to be elected for 3 years)
Town Meeting Members Precinct 7 ( 1 to be elected for 2yrs.)
Page 6

Registered Voters:  15185
% Turnout: 25%
TOWN OF WINCHESTER
ANNUAL ELECTION MARCH 30, 2021
Final Results
Weather: Sunny Dry 62
Precincts 8 Totals
MIN QIU 163 163
JOHN A WILE 170 170
HANK LIN 168 168
HEATHER R VON MERING 177 177
NORMAN E DOUCETTE, JR 170 170
MARTIN F MAHONEY, II 167 167
MICHAEL A O'BRIEN 166 166
FRIEDA NACE 25 25
Blanks 1154 1154
Write-Ins 0 0
Total 2360 2360
2360
Precincts 1 2 3 4 5 6 7 8 Totals
YES 462 264 441 366 294 320 380 207 2734
NO 68 85 117 141 156 139 123 80 909
Blanks 12 13 42 33 29 24 27 8 188
Total 542 362 600 540 479 483 530 295 3831
3831
2360
"Shall the Town of Winchester be allowed to exempt from the provisions of proposition two and one-half, so called, the amounts required to pay 
for the bonds issued in order to install additional culverts behind the Muraco Elementary School for flood mitigation purposes and to make 
extraordinary repairs to the Muraco Elementary School, including engineering expenses and all other costs incidental and related thereto?                                                                   
Town Meeting Members Precinct 8 ( 8 to be elected for 3 years)
Page 7