 OFFICIAL RESULTS TOWN OF WINCHESTER
MARCH 19, 2022
TOTAL VOTERS:  14992 
 TOTAL BALLOTS CAST: 4643
31% VOTER TURNOUT 
Total Ballots Cast 4643
Precincts 1 2 3 4 5 6 7 8 Totals
Blanks 196 149 221 223 201 196 237 131 1554
HEATHER R. VON MERING 383 271 527 403 343 359 411 256 2953
Write-Ins 14 10 11 15 37 24 21 4 136
Totals 593 430 759 641 581 579 669 391 4643
4643
Precincts 1 2 3 4 5 6 7 8 Totals
Blanks 195 139 279 218 223 233 260 172 1719
ANTHEA BRADY 365 275 496 348 286 253 394 203 2620
JOHN FALLON 248 173 251 303 263 290 283 168 1979
JAMES A. JOHNSON, III 232 156 295 277 266 284 248 137 1895
VINCENT LAWRENCE DIXON 143 114 189 134 120 97 148 98 1043
Write-Ins 3 3 8 2 4 1 5 4 30
Totals 1186 860 1518 1282 1162 1158 1338 782 9286
9286
Precincts 1 2 3 4 5 6 7 8 Totals
Blanks 179 135 253 193 157 164 239 119 1439
PATRICK GILL 397 291 502 439 417 413 425 271 3155
Write-Ins 17 4 4 9 7 2 5 1 49
Totals 593 430 759 641 581 579 669 391 4643
4643
Precincts 1 2 3 4 5 6 7 8 Totals
Blanks 42 27 50 49 33 43 44 42 330
RUTH TRIMARCHI 344 250 479 330 295 265 359 202 2524
JENNIFER INFURNA 207 150 227 261 252 269 265 144 1775
Write-Ins 0 3 3 1 1 2 1 3 14
Totals 593 430 759 641 581 579 669 391 4643
4643
Precincts 1 2 3 4 5 6 7 8 Totals
Blanks 33 35 49 55 60 66 61 41 400
LAUREN COSTELLO 176 134 191 235 218 227 212 133 1526
GREGORY SAWICKI 383 261 519 350 301 285 393 216 2708
Write-Ins 1 0 0 1 2 1 3 1 9
Totals 593 430 759 641 581 579 669 391 4643
4643
Precincts 1 2 3 4 5 6 7 8 Totals
Blanks 46 29 66 59 40 58 65 44 407
DIAB JERIUS 305 242 436 310 265 233 323 194 2308
PHILIP ARTHUR FRATTAROLI 219 149 231 257 271 281 262 148 1818
Write-Ins 23 10 26 15 5 7 19 5 110
Totals 593 430 759 641 581 579 669 391 4643
4643
Precincts 1 2 3 4 5 6 7 8 Totals
Blanks 765 536 942 808 721 747 862 519 5900
KURT SPRING 286 235 381 314 286 278 317 176 2273
DIAB JERIUS 60 30 54 65 54 46 43 45 397
PHILIP ARTHUR FRATTAROLI 13 18 28 31 31 43 29 14 207
NICK ROSSETTOS 49 30 100 47 44 33 61 22 386
MISC WRITE INS 13 11 13 17 26 11 26 6 123
Totals 1186 860 1518 1282 1162 1158 1338 782 9286
9286
Precincts 1 2 3 4 5 6 7 8 Totals
Blanks 247 152 300 267 294 298 304 214 2076
KAREN BOLOGNESE 362 283 518 376 331 323 403 225 2821
CHRISTIAN NIXON 366 269 467 362 264 252 356 188 2524
JOHN F. DOBBINS 206 152 225 268 264 282 269 152 1818
Write-Ins 5 4 8 9 9 3 6 3 47
Totals 1186 860 1518 1282 1162 1158 1338 782 9286
9286
Precincts 1 2 3 4 5 6 7 8 Totals
Blanks 578 430 757 615 634 614 693 396 4717
DAVID COUGHLAN 282 212 334 289 235 249 295 177 2073
WENDY KARLE 323 215 422 373 287 293 340 206 2459
Write-Ins 3 3 5 5 6 2 10 3 37
Totals 1186 860 1518 1282 1162 1158 1338 782 9286
9286
Moderator (one to be elected for one year)
Select Board (two to be elected for 3 years)
Assessor (one to be elected for 3 years)
Board of Health (one to be elected for 3 years)
Planning Board (one to be elected for 3 years)
Board of Health (one to be elected for 1 year)
Planning Board (two to be elected for 1 year)
School Committee (two to be elected for 3 years)
Library Board of Trustee (two to be elected for 3 years)

 OFFICIAL RESULTS TOWN OF WINCHESTER
MARCH 19, 2022
TOTAL VOTERS:  14992 
 TOTAL BALLOTS CAST: 4643
31% VOTER TURNOUT 
Precincts 1 2 3 4 5 6 7 8 Totals
Blanks 543 385 685 573 536 546 615 355 4238
MARY LOU BIGELOW 22 25 45 49 32 11 28 24 236
ANN SERA 13 0 0 0 0 0 0 0 13
Write-Ins 15 20 29 19 13 22 26 12 156
Totals 593 430 759 641 581 579 669 391 4643
4643
Precinct 1 Totals
Blanks 1862 1862
PETER D'ANTONIO 219 219
ERIC T. SHEDIAC 220 220
PATRICK GILL 290 290
ANTHEA BRADY 317 317
KATHLEEN DUNCAN 149 149
CECILIA CARRION-CARMONA 244 244
TARA M. HUGHES 297 297
TIMOTHY MATTHEWS 278 278
PRASSEDE CALABI 252 252
ENZO RASCIONATO 171 171
DEBORAH JONES MELKONIAN 244 244
DENIS A. COLLET 182 182
Write-Ins 19 19
Totals 4744 4744
4744
Precinct 2 Totals
Blanks 1528 1528
JIAN LIU 195 195
KRISTINE KAMIKAWA 237 237
COLIN WHITE 216 216
CATHERINE EA CURTIS 193 193
STEPHANIE ZAREMBA 235 235
JEFFERY J. DEAN 148 148
EDWARD R. LEVESQUE 196 196
MARTHA S. HOYT 186 186
ROBERT PACE 145 145
DANIEL NAKAMOTO 143 143
Write-Ins 18 18
Totals 3440 3440
Precinct 2 Totals
Blanks 136 136
MICHELLE BLUMSACK 190 190
JINGHUI DONG 100 100
Write-Ins 4 4
Totals 430 430
430
Precinct 3 Totals
Blanks 2213 2213
ALLISON KANGAS DE BELLALTA 364 364
SAMANTHA ALLISON 416 416
VINCENT LAWRENCE DIXON 223 223
SUSAN NARDONE 267 267
JOHN W. KILBORN 352 352
NICKOLETA SAKORAFOS 139 139
JARED JACKSON 186 186
ALEXANDER R. DIMATTEO, III 241 241
RUTHIE RUFFING GAGNE 353 353
WILLIAM F. MCGONIGLE 309 309
THEODORE MICHALSKI, JR 152 152
JOHN D. CLEMSON 289 289
JANET G. BOSWELL 386 386
BENJAMIN SCHULER 165 165
Write-Ins 17 17
Totals 6072 6072
6072
 
Town Meeting Members Precinct 3 ( eight to be elected for 3 years)
Town Meeting Members Precinct 2 (eight to be elected for 3 years)
Town Meeting Members Precinct 2 (one to be elected for 1 year)
Housing Authority (one to be elected for 5 years)
Town Meeting Members Precinct 1 ( eight to be elected for 3 years)

 OFFICIAL RESULTS TOWN OF WINCHESTER
MARCH 19, 2022
TOTAL VOTERS:  14992 
 TOTAL BALLOTS CAST: 4643
31% VOTER TURNOUT 
Precinct 4 Totals
Blanks 1905 1905
ERIC DIMARE 231 231
GERARD MARINO 210 210
JAMES A. FERGUSON 266 266
MIROSLAV PREDNY 169 169
ROGER D. MARIAN 214 214
HORACIO G. FACCA 209 209
OLE-PETTER HAMNVIK 238 238
ROBIN A. WOLF 337 337
SHANNON SCOTT VERNAGLIA 312 312
SEAN DONLON 214 214
JOSEPH ZAMPITELLA 213 213
MICHELLE PRIOR 287 287
AIMEE BURKE 279 279
Write-Ins 44 44
Totals 5128 5128
5128
Precinct 4 Totals
Blanks 125 125
SUSAN FAGERSTROM 188 188
CHRISTOPHER FURLONG 89 89
STEVEN BONNELL 235 235
Write-Ins 4 4
Totals 641 641
641
Precinct 4 Totals
Blanks 228 228
KATHRYN O. VALONE 224 224
PAUL KARLE 169 169
Write-Ins 20 20
Total 641 641
641
Precinct 5 Totals
Blanks 1357 1357
COLIN G. SIMSON 264 264
I-CHING K. SCOTT 208 208
RONALD BUCK 187 187
SUSAN DELEO 247 247
JOHN F. DOBBINS 234 234
WENDY L. SWANTON 160 160
WILLIAM BAND 210 210
WILLIAM N. MILLER 195 195
HELEN PHILLIOU 211 211
ROSANNE CORIC 223 223
PAMELA CORT 258 258
KATHRYN HUGHES 180 180
KATHERINE V. KRIKORIAN 157 157
ROBERT KUSZEWSKI 176 176
MAUREEN PIMENTEL 209 209
PHILIP REULAND 165 165
Write-Ins 7 7
Totals 4648 4648
4648
Precinct 6 Totals
Blanks 1721 1721
WEI HAN 241 241
KENNETH D. PRUITT 237 237
ANTHONY CUCINATTI 256 256
JACK LEMENAGER 236 236
EMANUEL D'AMBROSIO, JR. 152 152
AUDREY COYLE SICILIANO 218 218
KAREN BOLOGNESE 312 312
KARREN SILVER NYS 139 139
JOHN B. MILLER 232 232
TAYLOR TINMOUTH 212 212
RICHARD A. MICHIENZI 257 257
PATRICK MATTESON 143 143
DOROTHY R. SIMBOLI 246 246
Write-Ins 30 30
Totals 0
4632 4632
Town Meeting Members Precinct 6 ( eight to be elected for 3 years)
Town Meeting Members Precinct 4 ( eight to be elected for 3 years)
Town Meeting Members Precinct 4 ( one to be elected for 1 year)
Town Meeting Members Precinct 4 ( one to be elected for 2 years)
Town Meeting Members Precinct 5 ( eight to be elected for 3 years)

 OFFICIAL RESULTS TOWN OF WINCHESTER
MARCH 19, 2022
TOTAL VOTERS:  14992 
 TOTAL BALLOTS CAST: 4643
31% VOTER TURNOUT 
4632
Precinct 7 Totals
Blanks 1884 1884
WILLIAM MCPADDEN 312 312
BRADFORD OTIS 219 219
MICHELLE MCCARTHY 277 277
SALLY K. DALE 316 316
DONNETTE PELTIER 279 279
LINDA M. BABA 307 307
PAUL C. CASEY 340 340
CYNTHIA DEDO KELLEY 207 207
STEVEN CUCINATTI 254 254
NANCY JONES 200 200
MEGAN BLACKWELL 220 220
BEN ALBIANI 270 270
AMY LEIGH WRENN 225 225
Write-Ins 42 42
Total 5352 5352
5352
Precinct 8 Totals
Blanks 1000 1000
BRYAN KANA 62 62
EDWARD A. BOPP 169 169
KATRINA FRONGILLO 137 137
DORA MACLEOD 118 118
EMILY SHIELD 186 186
ROGER A. MICHELSON 106 106
NICHOLAS M.KOUP 97 97
STEVEN J. SINGER 167 167
NICHOLAS J. BOGOVICH 182 182
MICHAEL CREANE 113 113
GREGORY T. WINN 139 139
STACEY PRINCI 172 172
JULIE ANNE FISH 113 113
STEPHEN MCCABE 178 178
DIAB H. JERIUS 181 181
Write-Ins 8 8
Total 3128 3128
3128
Town Meeting Members Precinct 7 ( eight to be elected for 3 years)
Town Meeting Members Precinct 8 ( eight to be elected for 3 years)