## OFFICIAL2025GENERALMUNICIPALELECTIONRESULTS

| Registered voters                       | W1P1     | W1P2     | W2P1     | W2P2      | W3P1      | W3P2      | W4P1 1625   | W4P2 W5P1 2679   | 2752   | WSP2. 2609   | W6P1 2789   | W6P2 2634   | W6P2A 175   | W7P1   | W7P2 2165   | W7P2A 102   | W8P1 2794   | W8P2 2473   | TOTAL 42519   | TOTAL 42519   | TOTAL 42519   | TOTAL 42519   | TOTAL 42519   | TOTAL 42519   | TOTAL 42519   | TOTAL 42519   |
|-----------------------------------------|----------|----------|----------|-----------|-----------|-----------|-------------|------------------|--------|--------------|-------------|-------------|-------------|--------|-------------|-------------|-------------|-------------|---------------|---------------|---------------|---------------|---------------|---------------|---------------|---------------|
| Voters                                  | 2838 755 | 2842 844 | 2702 827 | 3165 1264 | 2901 1259 | 2897 1514 | 349         | 1065             | 729    | 714          | 1233        | 1170        | 90          | 346    | 2377 404    | 15          | 1005        | 772         | 14355         | 14355         | 14355         | 14355         | 14355         | 14355         | 14355         | 14355         |
| MAYOR                                   |          |          |          |           |           |           |             |                  |        |              |             |             |             |        |             |             |             |             |               |               |               |               |               |               |               |               |
| BREANNA LUNGO-XOEHN                     | 458      | 528      | 514      | 756       | 695       | 905       | 246         | 681              | 483    | 482          | 836         | 733         | 53          | 228    | 269         |             | 594         | 482         | 8956          | 8956          | 8956          | 8956          | 8956          | 8956          | 8956          | 8956          |
| ISAACB"ZAC"BEARSII{write-in)            | 3        | 4        | 7        | 12        | 11        | 8         | 2           | 1                | 4      | 11           | 12          | 11          |             | 1      | 3           |             | 9           | 5           | 104           | 104           | 104           | 104           | 104           | 104           | 104           | 104           |
| Totalnumberofwrite-ins                  | S7       | 32       | 45       | 54        | 67        | 116       | 6           | 83               | 32     | 31           | 46          | 44          | 8           | 14     | 23          | 0           | 70          | 51          | 779           | 779           | 779           | 779           | 779           | 779           | 779           | 779           |
| Times Blank Voted                       | 237      | 280      | 261      | 442       | 486       | 485       | 95          | 300              | 210    | 190          | 339         | 382         | 29          | 103    | 109         | 2           | 332         | 234         | 4516          | 4516          | 4516          | 4516          | 4516          | 4516          | 4516          | 4516          |
| Total Ballots                           | 755      | 844      | 827      | 1264      | 1259      | 1514      | 349         | 1065             | 729    | 714          | 1233        | 1170        | 06          | 346    | 404         | 15          | 1005        | 772         | 14355         | 14355         | 14355         | 14355         | 14355         | 14355         | 14355         | 14355         |
| QUESTION                                |          |          |          |           |           |           |             |                  |        |              |             |             |             |        |             |             |             |             |               |               |               |               |               |               |               |               |
| YES                                     | 391      | 476      | 424      | 704       | 702       | 918       | 245         | 69               | 517    | 485          | 869         | 708         | 59          | 215    | 242         | 13          | 600         | 492         | 8753          | 8753          | 8753          | 8753          | 8753          | 8753          | 8753          | 8753          |
| NO                                      | 241      | 250      | 287      | 408       | 413       | 437       | 75          | 250              | 127    | 141          | 242         | 316         | 23          | 83     | 105         |             | 264         | 204         | 3866          | 3866          | 3866          | 3866          | 3866          | 3866          | 3866          | 3866          |
| Times BlankVoted                        | 123      | 118      | 116      | 152       | 144       | 156       | 29          | 122              | 85     | 88           | 122         | 146         | 8           | 48     | 57          | 2           | 141         | 76          | 1733          | 1733          | 1733          | 1733          | 1733          | 1733          | 1733          | 1733          |
| Total Ballots                           | 755      | 844      | 827      | 1264      | 1259      | 1514      | 349         | 1065             | 729    | 714          | 1233        | 1170        | 90          | 346    | 404         | 15          | 1005        | 772         | 14355         | 14355         | 14355         | 14355         | 14355         | 14355         | 14355         | 14355         |
| CITYCOUNCIL                             |          |          |          |           |           |           |             |                  |        |              |             |             |             |        |             |             |             |             |               |               |               |               |               |               |               |               |
| ISAAC B"ZAC" BEARS I1                   | 327      | 359      | 330      | 555       | 484       | 661       | 233         | 589              | 481    | 509          | 752         | 615         | 33          | 163    | 210         | 13          | 492         | 408         | 7214          | 7214          | 7214          | 7214          | 7214          | 7214          | 7214          | 7214          |
| ANNA CALLAHAN                           | 350      | 364      | 344      | 546       | 484       | 646       | 240         | 604              | 476    | 508          | 704         | 579         |             | 172    | 213         | 12          | 499         | 431         | 7205          | 7205          | 7205          | 7205          | 7205          | 7205          | 7205          | 7205          |
| EMILY K LAZZARO                         | 340      | 358      | 339      | 551       | 489       | 665       | 233         | 665              | 488    | 515          | 723         | 596         | 32          | 179    | 233         | 11          | 509         | 436         | 7296          | 7296          | 7296          | 7296          | 7296          | 7296          | 7296          | 7296          |
| MATT LEMING                             | 320      | 343      | 315      | 505       | 460       | 616       | 220         | 567              | 452    | 497          | 689         | 558         | 36          | 161    | 194         | 11          | 465         |             | 6804          | 6804          | 6804          | 6804          | 6804          | 6804          | 6804          | 6804          |
| GEORGEASCARPELL!                        | 406      | 435      | 479      | 684       | 691       | 776       | 110         | 414              | 247    | 213          | 462         | 538         | 55          | 170    | 182         | 1           | 475         | 329         | 6667          | 6667          | 6667          | 6667          | 6667          | 6667          | 6667          | 6667          |
| JUSTIN TSENG                            | 335      | 353      | 335      | 543       | 486       | 652       | 230         | 591              | 476    | 490          | 730         | 585         | 31          | 160    | 224         | 12          | 480         | 402         | 7115          | 7115          | 7115          | 7115          | 7115          | 7115          | 7115          | 7115          |
| MIRANDA BRISENO                         | 310      | 333      | 301      | 490       | 446       | 603       | 229         | 565              | 434    | 454          | 666         | 538         | 28          | 134    | 188         | 11          | 446         | 668         | 6575          | 6575          | 6575          | 6575          | 6575          | 6575          | 6575          | 6575          |
| RICK CARAVIELLO                         | 362      | 414      | 432      | 642       | 642       | 770       | 107         | 413              | 223    | 162          | 438         | 541         | 56          | 146    | 155         | 1           | 472.        | 323         | 6299          | 6299          | 6299          | 6299          | 6299          | 6299          | 6299          | 6299          |
| PATRICK CLERKIN                         | 284      | 306      | 324      | 480       | 542       | 593       | 89          | 336              | 185    | 134          | 888         | 415         | 50          | 122    | 113         | 1           | 339         | 248         | 4899          | 4899          | 4899          | 4899          | 4899          | 4899          | 4899          | 4899          |
| PAULJ DONATOJR.                         | 391      | 445      | 438      | 648       | 653       | 697       | 66          | 398              | 204    | 149          | 413         | 486         | 51          | 143    | 170         | 2           | 464         | 282         | 6133          | 6133          | 6133          | 6133          | 6133          | 6133          | 6133          | 6133          |
| NICHOLAS G GIURLEO                      | 289      | 344      | 354      | 527       | 577       | 691       | 84          | 349              | 171    | 140          | 357         | 435         | 45          | 1.23   | 134         | 1           | 365         | 246         | 5232          | 5232          | 5232          | 5232          | 5232          | 5232          | 5232          | 5232          |
| NATE MERRITT                            | 301      | 327      | 324      | 468       | 546       | 585       | 80          | 297              | 151    | 128          | 315         | 394         | 51          | 112    | 128         | 。           | 332         | 212         | 4751          | 4751          | 4751          | 4751          | 4751          | 4751          | 4751          | 4751          |
| LIZMULLANE                              | 303      | 355      | 315      | 537       | 461       | 605       | 222         | 567              | 435    | 451          | 682         | 544         | 30          | 139    | 188         | 12          | 450.        | 385         | 6661          | 6661          | 6661          | 6661          | 6661          | 6661          | 6661          | 6661          |
| MELANIE TRINGAL!                        | 353      | 421      | 425      | 590       | 648       | 756       | 112         | 422              | 219    | 180          | 433         | 508         | 57          | 140    | 166         | 2           | 474         | 296         | 6202          | 6202          | 6202          | 6202          | 6202          | 6202          | 6202          | 6202          |
| Totalnumberofwrite-ins                  | 2        | 6        | 16       | 6         | 15        | 16        | 6           | 16               | 7      | 4            | 19          | 4           | 1           | 6      | 1           |             | 3           | 5           | 133           | 133           | 133           | 133           | 133           | 133           | 133           | 133           |
| Times Blank Voted                       | 612      | 745      | 718      | 1096      | 1189      | 1266      | 149         | 728              | 454    | 464          | 910         | 854         | 41          | 352    | 329         | 15          | 770         | 607         | 11299         | 11299         | 11299         | 11299         | 11299         | 11299         | 11299         | 11299         |
| SCHOOLCOMMITTEE                         |          |          |          |           |           |           |             |                  |        |              |             |             |             |        |             |             |             |             |               |               |               |               |               |               |               |               |
| NICOLE BRANLEY                          | 318      | 386      | 387      | 576       | 577       | 713       | 103         | 370              | 255    | 242          | 436         | 470         | 51          | 179    | 183         | 3           | 400         | 270         | 5919          | 5919          | 5919          | 5919          | 5919          | 5919          | 5919          | 5919          |
| JENNY R GRAHAM                          | 403      | 418      | 381      | 629       | 549       | 789       | 248         | 622              | 491    | 505          | 779         | 651         | 41          | 189    | 243         | 12          | 561         | 451         | 7962          | 7962          | 7962          | 7962          | 7962          | 7962          | 7962          | 7962          |
| JOHN LINTOPPA                           | 332      | 346      | 443      | 559       | 545       | 611       | 111         | 374              | 224    | 198          | 382         | 406         | 44          | 146    | 155         | 4           | 392         | 271         | 5543          | 5543          | 5543          | 5543          | 5543          | 5543          | 5543          | 5543          |
| AARONJOLAPADE                           | 335      | 372      | 331      |           | 517       | 680       | 228         | 560              | 461    | 488          | 795         | 618         | 38          | 152    | 221         | 11          | 500         | 415         | 7252          | 7252          | 7252          | 7252          | 7252          | 7252          | 7252          | 7252          |
|                                         |          | 408      |          | 530       |           |           |             |                  |        |              |             |             |             |        |             | 12          |             |             |               |               |               |               |               |               |               |               |
|                                         | 378      |          | 358      | 600       |           |           | 232         | 588              | 471    |              | 722         | 597         |             | 173    | 246         |             | 525         | 429         | 7445          | 7445          | 7445          | 7445          | 7445          | 7445          | 7445          | 7445          |
| ERIKA REINFELD                          | 332      |          | 344      | 551       | 523       | 653       | 218         | 560              |        | 499          |             |             | 36          | 153    |             | 12          | 506         | 389         | 6917          | 6917          | 6917          | 6917          | 6917          | 6917          | 6917          | 6917          |
| PAUL RUSEAU                             | 278      | 355 315  | 331      | 479       | 494 486   | 597 783   | 116         | 431              | 423    | 444          | 069         | 596 501     | 48          | 126    | 129         | 1           | 390         | 243         | 5599          | 5599          | 5599          | 5599          | 5599          | 5599          | 5599          | 5599          |
| USA KINGSLEY                            |          |          |          |           |           |           |             |                  | 213    | 215          | 514         |             | 33          | 134    | 207         | 13          | 500         |             |               |               |               |               |               |               |               |               |
| MICHAELAMASTROBUONI                     | 346      | 388      | 354      | 620       | 550       | 628       | 231         | 568              | 419    | 433          | 618         | 555         |             |        |             |             |             | 868         | 5669          | 5669          | 5669          | 5669          | 5669          | 5669          | 5669          | 5669          |
| JESSICAEPARKS                           | 361      | 411 16   | 329      | 576 4     | 517       | 657 7     | 236 0       | 656 8            | 462    | 470 7        | 673 25      | 588 5       | 36 3        | 161 10 | 204 1       | 10 0        | 502 7       | 418 7       | 7267 133      | 7267 133      | 7267 133      | 7267 133      | 7267 133      | 7267 133      | 7267 133      | 7267 133      |
| Totalnumberofwrite-ins Times BlankVoted | 0 1447   | 1649     | 1.5 1689 | 2460      | 9         |           | 371         | 1653             | 9 946  | 783          | 1764        | 2033        | 177         | 655    | 618         | 12          | 1747        | 1341        | 25098         | 25098         | 25098         | 25098         | 25098         | 25098         | 25098         | 25098         |
| Totai Ballots                           | 755      | 844      | 827      | 1264      | 2787 1259 | 2966 1514 | 349         | 1065             | 729    | 714          | 1233        | 1170        | 346         |        | 404         |             | 772         | 90          |               |               | 15            | 1005          | 14355         |               |               |               |

<!-- image -->

<!-- image -->

<!-- image -->