## Town of North Attleborough

## Town Election April 4, 2023

|         | #ofRegisteredVoters         | 2207   | 2561   | 2539   | 2436   | 2411   | 2539   | 2778   | 2443   | 2444   | 22358   |
|---------|-----------------------------|--------|--------|--------|--------|--------|--------|--------|--------|--------|---------|
|         | #who voted                  | 129    | 214    | 196    | 101    | 153    | 258    | 279    | 300    | 191    | 1821    |
|         | % who voted                 | 5.85%  | 8.36%  | 7.72%  | 4.15%  | 6.35%  | 10.16% | 10.04% | 12.28% | 7.82%  | 8.14%   |
| VOTEFOR | CANDIDATE                   | 1      | 2      | 3      | 4      | 5      | 6      | 7      | 8      | 9      | Total   |
| 9       | Town Council 2 yrs          |        |        |        |        |        |        |        |        |        |         |
|         | Darius J. Gregory           | 71     | 98     | 90     | 55     | 84     | 156    | 137    | 132    | 98     | 921     |
|         | John D.Simmons              | 75     | 129    | 126    | 67     | 107    | 163    | 188    | 193    | 104    | 1152    |
|         | Charles R.Dobre-Badobre     | 26     | 53     | 43     | 25     | 30     | 61     | 68     | 63     | 41     | 410     |
|         | BlakeEricBuchanan           | 40     | 67     | 34     | 29     | 41     | 60     | 58     | 74     | 46     | 449     |
|         | AidanJosephPrescott         | 32     | 53     | 41     | 25     | 35     | 70     | 90     | 83     | 49     | 478     |
|         | Mark S. Gould, Jr.          | 67     | 128    | 113    | 73     | 103    | 147    | 170    | 161    | 93     | 1055    |
|         | JohnEdwardCostello          | 61     | 77     | 51     | 42     | 64     | 94     | 94     | 93     | 70     | 646     |
|         | Justin Philip Pare'         | 76     | 144    | 147    | 70     | 110    | 196    | 203    | 201    | 135    | 1282    |
|         | Daniel F. Donovan           | 54     | 98     | 92     | 46     | 65     | 131    | 118    | 105    | 83     | 792     |
|         | Rachel Cady-Welch           | 39     | 56     | 48     | 30     | 36     | 69     | 79     | 65     | 61     | 483     |
|         | AndreaE.Slobogan            | 70     | 131    | 116    | 57     | 101    | 149    | 174    | 171    | 111    | 1080    |
|         | Patricia A.St.Pierre        | 38     | 56     | 49     | 32     | 41     | 81     | 72     | 69     | 69     | 507     |
|         | AndrewShanahan              | 49     | 100    | 86     | 55     | 85     | 124    | 164    | 126    | 86     | 875     |
|         | Write in                    | 0      | 1      | 1      | 0      | 1      | 3      | 6      | 3      | 12     | 27      |
|         | Blank                       | 463    | 735    | 727    | 303    | 474    | 818    | 890    | 1161   | 661    | 6232    |
|         | Total                       | 1161   | 1926   | 1764   | 606    | 1377   | 2322   | 2511   | 2700   | 1719   | 16389   |
| VOTEFOR | CANDIDATE                   | 1      | 2      | 3      | 4      | 5      | 6      | 7      | 8      | 9      | Total   |
| 1       | Board of Electric Comm 3 yr |        |        |        |        |        |        |        |        |        |         |
|         | Gregg A. Ellis              | 88     | 152    | 129    | 78     | 122    | 185    | 187    | 217    | 129    | 1287    |
|         | Write in                    | 0      | 0      |        | 2      | 0      | 1      | 1      | 3      | 0      | 7       |
|         | Blank                       | 41     | 62     | 67     | 21     | 31     | 72     | 91     | 80     | 62     | 527     |
|         | Total                       | 129    | 214    | 196    | 101    | 153    | 258    | 279    | 300    | 191    | 1821    |

check

16389

## Town of North Attleborough Town Election April 4, 2023

| VOTEFOR   | CANDIDATE                | 1   | 2   | 3   | 4   | 5      | 6    | 7   | 8   | 9   | Total   |
|-----------|--------------------------|-----|-----|-----|-----|--------|------|-----|-----|-----|---------|
| 1         | Board of PublicWorks3 Yr |     |     |     |     |        |      |     |     |     |         |
|           | Donald Cerrone           | 95  | 157 | 143 | 80  | 125    | 199  | 190 | 226 | 132 | 1347    |
|           | Write in                 | 1   | 0   | 0   | 0   | 0      | 0    | 0   | 4   | 1   | 6       |
|           | Blank                    | 33  | 57  | 53  | 21  | 28     | 59   | 89  | 70  | 58  | 468     |
|           | Total                    | 129 | 214 | 196 | 101 | 153    | 258  | 279 | 300 | 191 | 1821    |
| 2         | Park Commission 3 yrs    |     |     |     |     |        |      |     |     |     |         |
|           | John Thomas Ruppert      | 81  | 141 | 129 | 76  | 113    | 177  | 174 | 195 | 122 | 1208    |
|           | ThomasMarcDiFiore        | 83  | 138 | 131 | 73  | 119    | 184  | 192 | 220 | 124 | 1264    |
|           | Write in                 | 0   | 0   | 0   | 1   | 0      | 0    | 1   | 3   | 1   | 6       |
|           | Blank                    | 94  | 149 | 132 | 52  | 74     | 155  | 191 | 182 | 135 | 1164    |
|           | Total                    | 258 | 428 | 392 | 202 | 306    | 516  | 558 | 600 | 382 | 3642    |
| 2         | School Committee 3 yrs   |     |     |     |     |        |      |     |     |     |         |
|           | Marjorie A. Avarista     | 21  | 47  | 50  | 31  | 26     | 45   | 37  | 59  | 32  | 348     |
|           | Zachary Henry Achin      | 44  | 77  | 54  | 41  | 62     | 81   | 76  | 97  | 48  | 580     |
|           | Kathleen Prescott        | 14  | 37  | 21  | 23  | 32     | 42   | 74  | 70  | 26  | 339     |
|           | Sarah N. Stone           | 60  | 92  | 97  | 40  | 70     | 126  | 146 | 126 | 108 | 865     |
|           | James GideonGaudette     | 58  | 93  | 103 | 34  | 67     | 144  | 143 | 134 | 112 | 888     |
|           | Aaron Whirl              | 21  | 29  | 29  | 13  | 22     | 25   | 32  | 39  | 20  | 230     |
|           | Write in                 | 0   | 0   | 0   | 0   |        |      | 0   | 1   | 0   | 1       |
|           | Blank                    | 40  | 53  | 38  | 20  | 0      | 0 53 | 50  | 74  | 36  | 391     |
|           | Total                    | 258 | 428 | 392 | 202 | 27 306 | 516  | 558 | 600 | 382 | 3642    |

<!-- image -->

Official Results

April 4, 2023

Neil A. Lambert, Chair Board of Election Commissioners

1821

3642

7284