110425 Peabody Municipal Election FINAL Results

1-1 1-2 1-3 2-1 2-2 2-3 3-1 3-2 3-3 4-1 4-2 4-3 4-3A 5-1 5-2 5-3 6-1 6-2 6-3 Total
MAYOR
EDWARD A. BETTENCOURT, JR. 480 374 452 137 162 319 112 271 310 392 145 141 500 409 270 278 549 571 651 6523
ROCHELLE A. AGNETA 160 85 94 42 63 83 45 67 69 123 41 14 40 83 44 94 117 122 140 1526
Write-ins 12 2 4 0 2 2 2 3 1 2 1 0 5 3 3 2 4 0 2 50
Number of Blank Votes 15 15 24 8 6 15 4 8 12 19 3 3 8 16 9 11 24 9 21 230
Total Votes 667 476 574 187 233 419 163 349 392 536 190 158 553 511 326 385 694 702 814 8329
COUNCILLOR AT LARGE
JOSEPH AMICO 298 193 254 93 118 181 76 158 181 336 103 83 184 245 127 173 285 327 343 3758
JARROD M. HOCHMAN 341 265 320 84 120 231 81 193 242 314 101 84 165 271 183 218 403 403 468 4487
TRISTAN R. BROWN 188 104 122 55 59 114 38 78 91 121 46 44 195 112 64 76 129 151 128 1915
GEORGE T. GOULOS 99 64 74 35 55 84 33 77 88 109 38 27 77 108 61 70 118 134 138 1489
JUSTIN M. TITUS 63 39 54 32 32 68 34 42 35 44 32 22 86 47 40 52 145 130 111 1108
JACLYN CORRIVEAU 333 210 253 91 116 195 82 153 194 257 94 86 254 241 147 194 321 277 339 3837
JON TURCO 511 404 471 113 146 285 95 196 248 294 120 92 225 290 186 231 376 412 459 5154
ANNE M. MANNING-MARTIN 380 255 317 106 145 210 92 211 237 313 119 99 303 297 175 257 335 366 444 4661
THOMAS ROSSIGNOLL 349 259 322 107 135 232 90 171 219 288 106 94 282 271 169 230 392 423 474 4613
Write-ins 15 5 3 5 ) 10 2 4 2 5 4 1 10 4 1 3 5 9 11 99
Number of Blank Votes 758 582 680 214 239 485 192 462 423 599 187 158 984 669 477 421 961 878 1155 10524
Total Votes 691 480 586 195 237 431 163 353 400 568 194 178 553 515 338 385 706 706 822 8501
COUNCILLOR WARD 1
CRAIG STEVEN WELTON 517 366 451 1334
Write-ins 19 7 9 35
Number of Blank Votes 131 103 114 348
Total Votes 667 476 574 1717
COUNCILLOR WARD 2
WENDY ANN LATTOF 122 158 214 494
MICHAEL CONSTANTINO TROIS! 59 65 184 308
Write-ins 0 0 2 2
Number of Blank Votes 6 10 19 35
Total Votes 187 233 419 839
COUNCILLOR WARD 3
STEPHANIE R. PEACH 116 253 302 671
NEIL ARTHUR PAPAMECHAIL 43 83 71 197
Write-ins 2 0 1 3
Number of Blank Votes 2 13 18 33
Total Votes 163 349 392 904
COUNCILLOR WARD 4
JULIE KATHRYN DAIGLE 449 156 124 402 1131
Write-ins 15 1 6 3 25
Number of Blank Votes 72 33 28 148 281
Total Votes 536 190 158 553 1437


1-1 1-2 1-3 2-1 2-2 2-3 3-1 3-2 3-3 4-1 4-2 4-3 4-3A 5-1 5-2 5-3 6-1 6-2 6-3 Total
COUNCILLOR WARD 5
DAVID R. GAMACHE 418 261 312 991
Write-ins 6 7 8 21
Number of Blank Votes 87 58 65 210
Total Votes 511 326 385 1222
COUNCILLOR WARD 6
RYAN COX 397 284 257 938
MICHAEL T. HIGGINS 275 394 530 1199
Write-ins 0 0 2 2
Number of Blank Votes 22 24 25 71
Total Votes 694 702 814 2210
MUNICIPAL LIGHT COMMISSION
TRACY M. VALLETTI 496 358 438 154 182 323 134 264 300 419 157 127 386 369 242 287 473 508 564 6181
Write-ins 5 3 3 1 0 3 0 3 3 5 1 2 1 7 1 2 7 6 4 57
Number of Blank Votes 166 115 133 32 51 93 29 82 89 112 32 29 166 135 83 96 214 188 246 2091
Total Votes 667 476 574 187 233 419 163 349 392 536 190 158 553 511 326 385 694 702 814 8329
SCHOOL COMMITTEE
PAOLO GIUSEPPE LAMBRESA 199 145 173 74 60 98 52 108 109 178 71 50 131 170 113 132 255 300 396 2814
PAMELA SUSAN MILMAN 381 204 269 86 114 210 85 152 182 213 91 69 226 228 117 173 218 225 253 3496
BEVERLEY ANN GRIFFIN DUNNE 414 309 383 123 165 304 102 240 255 369 119 104 331 308 207 248 368 402 457 5208
JON P. SWANSON 318 194 261 86 100 157 72 148 159 235 82 68 199 194 127 132 234 255 292 3313
SUZANNE MARY COX 237 192 201 78 111 186 71 142 190 209 81 60 212 196 152 199 469 365 418 3769
Write-ins 7 0 1 0 1 6 0 0 6) 8 2 0 11 1 1 4 6 5 2 55
Number of Blank Votes 445 384 434 114 148 296 107 257 281 396 124 123 549 436 261 267 532 554 624 6332
Total Votes 679 478 580 191 235 425 163 351 396 552 192 168 553 513 332 385 700 704 818 8415
TRUSTEE OF THE PEABODY INSTITUTE LIBRARY - 6 YEARS
CAITLIN J. GUYETTE 422 302 357 129 164 263 113 209 247 338 130 116 363 310 191 240 427 423 456 5200
PETER THOMAS BAKULA A429 311 378 131 167 272 112 235 255 361 134 109 376 314 203 255 431 440 499 5412
STEPHANIE S. DALLAIRE 450 308 383 140 166 278 120 241 267 353 138 118 385 334 198 266 445 450 500 5540
CASSANDRA LEE LOIZIDES 15 16 22 0 2 11 3 6 5 6 0 1 6) 3 2 1 5 2 7 107
Write-ins 35 19 15 6 9 15 8 13 13 23 11 4 15 10 13 13 38 28 28 316
Number of Blank Votes 1317 948 1141 342 424 837 296 692 781 1063 347 284 1073 1073 697 765 1430 1465 1766 16741
Total Votes 685 479 583 193 236 428 163 352 398 560 193 173 553 514 335 385 703 705 820 8458
TRUSTEE OF THE PEABODY INSTITUTE LIBRARY - 2 YEARS
STEPHANIE J. NAJJAR 514 357 450 158 184 333 130 267 317 426 160 127 431 393 242 297 499 527 587 6399
Write-ins 9 3 3 3 1 5 2 3 4 5 1 1 2 3 2 5 13 2 8 75
Number of Blank Votes 144 116 121 26 48 81 31 79 71 105 29 30 120 115 82 83 182 173 219 1855
Total Votes 667 476 574 187 233 419 163 349 392 536 190 158 553 511 326 385 694 702 814 8329